4367, 12, 24, 108, 111, 141, 23, 15, 65, 79, 8, 7, 18, 116, 20, 165, 6, 9, 146, 87, 89, 5, 19, 74, 55, 49,Success airplane automobile 3
4367, 17, 20, 26, 0, 171, 8, 27, 220, 13, 146, 13, 19, 122, 59, 79, 6, 2, 99, 51, 5, 15, 20, 100, 58, 85,Success airplane bird 81
4367, 17, 27, 163, 38, 72, 5, 14, 127, 36, 17, 9, 16, 208, 67, 51, 23, 8, 167, 73, 136, 3, 7, 155, 10, 110,Success airplane cat 0
4367, 21, 26, 217, 166, 8, 21, 1, 115, 174, 119, 20, 17, 196, 1, 39, 8, 5, 92, 11, 32, 1, 22, 59, 117, 71,Fail airplane deer
4367, 8, 14, 217, 126, 162, 8, 15, 61, 26, 59, 10, 13, 28, 72, 99, 2, 24, 111, 75, 214, 5, 11, 177, 58, 136,Success airplane dog 37
4367, 27, 6, 194, 117, 101, 8, 19, 142, 57, 2, 13, 24, 64, 222, 1, 10, 6, 5, 221, 7, 22, 1, 115, 151, 20,Success airplane frog 70
4367, 20, 28, 109, 44, 186, 10, 25, 63, 136, 79, 20, 13, 115, 82, 96, 15, 25, 57, 90, 19, 8, 5, 2, 162, 174,Success airplane horse 30
4367, 16, 16, 185, 47, 35, 14, 18, 225, 71, 13, 12, 14, 64, 165, 98, 23, 9, 136, 138, 167, 1, 1, 131, 224, 249,Success airplane ship 1
4367, 11, 21, 239, 146, 247, 8, 19, 73, 133, 63, 9, 21, 56, 87, 12, 15, 23, 70, 189, 52, 20, 18, 100, 203, 185,Success airplane truck 27
581, 6, 30, 84, 2, 119, 2, 14, 107, 24, 118, 8, 14, 246, 31, 137, 3, 4, 92, 229, 13, 8, 19, 194, 110, 116,Fail airplane automobile
581, 3, 24, 239, 42, 140, 31, 4, 180, 101, 10, 16, 31, 179, 127, 175, 4, 4, 164, 255, 145, 18, 12, 29, 71, 30,Success airplane bird 0
581, 16, 16, 102, 4, 25, 2, 4, 71, 92, 105, 12, 28, 192, 58, 28, 16, 1, 38, 115, 51, 8, 27, 66, 142, 138,Success airplane cat 53
581, 4, 4, 239, 39, 121, 3, 2, 56, 215, 5, 17, 29, 90, 181, 86, 7, 18, 206, 0, 6, 23, 8, 159, 43, 103,Success airplane deer 0
581, 16, 16, 7, 30, 22, 2, 11, 30, 190, 97, 11, 23, 181, 112, 37, 18, 16, 25, 239, 166, 21, 11, 163, 169, 169,Success airplane dog 16
581, 14, 27, 197, 126, 209, 15, 17, 60, 21, 51, 8, 19, 189, 115, 252, 16, 7, 110, 231, 232, 3, 4, 85, 87, 59,Success airplane frog 81
581, 2, 14, 138, 31, 112, 11, 13, 8, 231, 242, 9, 29, 145, 9, 22, 9, 16, 235, 150, 203, 10, 17, 82, 169, 240,Success airplane horse 92
581, 5, 12, 93, 1, 229, 5, 4, 61, 29, 82, 14, 10, 216, 161, 213, 17, 7, 203, 227, 225, 14, 15, 142, 41, 57,Success airplane ship 2
581, 10, 17, 201, 210, 181, 15, 28, 8, 13, 181, 2, 5, 129, 4, 4, 16, 16, 10, 7, 1, 9, 29, 53, 38, 26,Fail airplane truck
1054, 28, 10, 10, 42, 18, 20, 10, 250, 134, 235, 19, 11, 237, 13, 63, 24, 21, 165, 168, 173, 28, 21, 1, 50, 106,Fail automobile airplane
1054, 19, 11, 232, 164, 131, 20, 10, 178, 120, 159, 25, 19, 249, 52, 133, 30, 20, 32, 113, 93, 29, 14, 76, 137, 92,Success automobile bird 76
1054, 27, 21, 0, 43, 228, 25, 5, 165, 11, 8, 23, 21, 252, 162, 105, 20, 10, 178, 164, 214, 21, 15, 185, 159, 102,Fail automobile cat
1054, 20, 16, 173, 8, 195, 24, 20, 165, 45, 100, 27, 25, 102, 18, 229, 26, 5, 15, 81, 134, 20, 10, 126, 221, 218,Fail automobile deer
1054, 26, 15, 253, 2, 83, 19, 11, 238, 95, 19, 13, 7, 234, 166, 245, 25, 20, 255, 187, 208, 22, 6, 4, 3, 8,Fail automobile dog
1054, 29, 12, 34, 178, 98, 23, 19, 255, 121, 105, 29, 21, 191, 26, 5, 20, 10, 175, 255, 17, 25, 5, 238, 10, 102,Fail automobile frog
1054, 23, 5, 9, 14, 115, 2, 10, 244, 53, 255, 18, 17, 253, 179, 219, 22, 15, 254, 82, 188, 21, 10, 255, 47, 71,Fail automobile horse
1054, 5, 21, 186, 230, 247, 27, 18, 247, 11, 6, 21, 10, 252, 91, 199, 19, 17, 244, 66, 253, 27, 26, 9, 29, 165,Fail automobile ship
1054, 14, 9, 191, 202, 151, 20, 15, 232, 200, 50, 25, 15, 152, 203, 220, 24, 21, 177, 133, 41, 21, 9, 231, 61, 156,Success automobile truck 49
3987, 16, 8, 104, 143, 225, 28, 22, 3, 25, 227, 14, 13, 252, 101, 38, 27, 11, 5, 1, 187, 9, 25, 29, 96, 202,Success automobile airplane 65
3987, 16, 9, 152, 167, 161, 12, 28, 36, 82, 220, 14, 13, 255, 114, 123, 27, 11, 19, 18, 131, 16, 13, 255, 154, 255,Fail automobile bird
3987, 4, 10, 13, 81, 16, 24, 22, 253, 22, 226, 24, 18, 242, 10, 247, 22, 7, 254, 131, 255, 12, 28, 71, 18, 14,Fail automobile cat
3987, 12, 26, 0, 116, 172, 14, 13, 249, 76, 120, 26, 8, 41, 32, 68, 16, 6, 158, 1, 144, 5, 15, 3, 34, 63,Fail automobile deer
3987, 16, 8, 100, 11, 193, 2, 12, 17, 22, 19, 22, 23, 137, 83, 227, 11, 27, 0, 120, 32, 4, 8, 82, 3, 36,Fail automobile dog
3987, 5, 9, 19, 151, 98, 17, 5, 255, 140, 190, 16, 6, 191, 151, 200, 15, 17, 243, 82, 127, 27, 11, 23, 54, 73,Fail automobile frog
3987, 4, 8, 1, 6, 11, 14, 13, 255, 16, 98, 26, 12, 4, 46, 6, 27, 19, 20, 101, 63, 16, 12, 254, 43, 231,Fail automobile horse
3987, 14, 14, 249, 210, 196, 6, 9, 33, 10, 178, 12, 26, 12, 122, 134, 25, 8, 0, 0, 12, 17, 8, 6, 252, 50,Fail automobile ship
3987, 20, 7, 253, 10, 249, 15, 17, 221, 157, 110, 2, 12, 62, 26, 4, 14, 14, 131, 239, 77, 16, 24, 114, 219, 107,Success automobile truck 54
70, 12, 6, 123, 146, 84, 7, 31, 124, 52, 39, 0, 4, 153, 9, 148, 14, 5, 108, 76, 109, 5, 16, 45, 248, 183,Success bird airplane 0
70, 6, 9, 78, 230, 246, 14, 19, 247, 109, 47, 4, 16, 249, 63, 158, 17, 21, 166, 230, 232, 2, 31, 36, 140, 255,Success bird automobile 1
70, 10, 16, 192, 173, 240, 8, 10, 216, 187, 85, 16, 31, 53, 36, 138, 22, 13, 125, 234, 146, 12, 18, 163, 12, 99,Success bird cat 0
70, 5, 21, 68, 77, 143, 5, 17, 11, 247, 11, 10, 1, 224, 127, 18, 15, 0, 63, 227, 170, 5, 24, 86, 128, 138,Success bird deer 4
70, 18, 31, 186, 120, 76, 13, 0, 22, 109, 86, 20, 26, 106, 62, 232, 7, 3, 146, 74, 132, 16, 17, 47, 59, 57,Success bird dog 0
70, 19, 27, 41, 187, 160, 14, 12, 160, 225, 84, 29, 31, 148, 44, 52, 15, 28, 216, 41, 102, 9, 14, 5, 209, 90,Success bird frog 4
70, 30, 17, 88, 69, 72, 22, 26, 55, 138, 170, 13, 15, 25, 119, 208, 26, 20, 70, 85, 77, 0, 26, 153, 239, 122,Success bird horse 15
70, 11, 2, 216, 113, 26, 11, 8, 122, 85, 99, 13, 20, 131, 70, 149, 15, 31, 158, 175, 64, 20, 30, 5, 113, 225,Success bird ship 2
70, 23, 6, 21, 105, 133, 19, 19, 44, 251, 236, 18, 26, 12, 145, 93, 20, 31, 24, 251, 186, 8, 27, 233, 207, 235,Success bird truck 2
4286, 3, 10, 224, 184, 225, 9, 22, 5, 127, 23, 27, 4, 58, 153, 149, 29, 7, 22, 111, 119, 31, 24, 113, 177, 91,Success bird airplane 0
4286, 4, 9, 114, 140, 239, 4, 7, 165, 244, 250, 23, 9, 252, 183, 49, 13, 3, 253, 91, 95, 23, 3, 213, 23, 185,Fail bird automobile
4286, 23, 3, 252, 102, 112, 10, 19, 95, 3, 2, 13, 16, 143, 149, 243, 9, 15, 89, 136, 194, 18, 16, 100, 71, 113,Success bird cat 96
4286, 20, 6, 250, 102, 64, 4, 11, 63, 51, 70, 7, 16, 73, 156, 122, 24, 7, 246, 200, 217, 11, 5, 53, 254, 66,Success bird deer 23
4286, 21, 11, 0, 39, 131, 19, 17, 195, 124, 112, 6, 19, 198, 50, 152, 23, 14, 198, 154, 224, 28, 18, 246, 176, 35,Fail bird dog
4286, 12, 16, 216, 224, 241, 17, 0, 178, 67, 150, 23, 10, 253, 184, 89, 23, 27, 183, 135, 91, 5, 16, 14, 72, 86,Success bird frog 35
4286, 24, 8, 244, 206, 134, 23, 6, 18, 47, 23, 19, 21, 207, 134, 83, 19, 10, 254, 87, 136, 4, 16, 40, 10, 8,Success bird horse 74
4286, 24, 7, 203, 102, 29, 19, 13, 231, 129, 125, 12, 15, 247, 67, 156, 2, 14, 27, 40, 121, 22, 10, 246, 236, 64,Success bird ship 26
4286, 4, 18, 95, 124, 234, 25, 3, 131, 255, 194, 10, 16, 197, 65, 236, 23, 9, 255, 115, 154, 19, 5, 200, 61, 47,Fail bird truck
8996, 7, 2, 3, 49, 231, 8, 23, 12, 176, 169, 9, 22, 150, 82, 114, 17, 17, 194, 9, 77, 8, 6, 175, 244, 105,Success cat airplane 28
8996, 28, 18, 122, 86, 127, 10, 18, 23, 129, 247, 9, 3, 28, 217, 152, 17, 13, 237, 1, 1, 10, 2, 30, 139, 164,Fail cat automobile
8996, 12, 19, 175, 80, 43, 7, 16, 239, 73, 161, 19, 14, 247, 206, 171, 13, 26, 204, 4, 99, 7, 29, 232, 13, 146,Success cat bird 35
8996, 5, 23, 186, 52, 222, 30, 1, 171, 121, 101, 24, 10, 251, 121, 107, 7, 24, 73, 57, 173, 24, 31, 181, 190, 208,Success cat deer 0
8996, 2, 14, 189, 6, 51, 31, 8, 162, 181, 88, 28, 17, 113, 123, 125, 6, 12, 32, 29, 118, 24, 22, 9, 216, 250,Success cat dog 61
8996, 7, 4, 50, 123, 113, 9, 13, 14, 110, 71, 6, 21, 114, 4, 44, 18, 13, 181, 118, 195, 23, 17, 188, 45, 21,Fail cat frog
8996,Success Mispredict
8996, 10, 24, 14, 96, 24, 18, 3, 80, 165, 83, 10, 5, 79, 202, 101, 5, 24, 46, 250, 234, 6, 16, 2, 43, 200,Success cat ship 28
8996, 28, 18, 126, 141, 23, 29, 20, 36, 38, 106, 18, 12, 85, 160, 45, 9, 25, 39, 195, 196, 7, 29, 133, 109, 225,Success cat truck 22
1594, 28, 7, 28, 92, 161, 7, 27, 104, 24, 38, 30, 17, 69, 46, 119, 11, 22, 123, 164, 206, 20, 26, 0, 59, 191,Fail cat airplane
1594, 9, 8, 23, 2, 142, 12, 22, 80, 2, 5, 28, 8, 0, 99, 156, 15, 22, 28, 17, 13, 2, 20, 63, 229, 163,Fail cat automobile
1594, 0, 28, 86, 169, 18, 29, 24, 136, 67, 61, 18, 26, 67, 40, 218, 5, 13, 45, 6, 195, 9, 5, 11, 22, 244,Success cat bird 8
1594, 30, 11, 169, 146, 107, 19, 23, 20, 15, 161, 6, 17, 253, 136, 105, 29, 26, 155, 185, 49, 10, 18, 131, 23, 67,Success cat deer 84
1594, 14, 21, 153, 101, 128, 9, 10, 97, 15, 80, 18, 6, 44, 20, 241, 13, 3, 6, 116, 189, 28, 23, 207, 84, 124,Success cat dog 1
1594, 3, 21, 95, 165, 1, 25, 4, 125, 239, 161, 7, 11, 1, 91, 85, 19, 18, 194, 137, 65, 28, 22, 69, 120, 135,Success cat frog 55
1594, 12, 30, 129, 230, 224, 7, 17, 124, 109, 209, 28, 25, 109, 90, 57, 18, 29, 37, 24, 73, 29, 16, 59, 164, 70,Success cat horse 9
1594, 20, 17, 255, 60, 94, 31, 15, 166, 21, 54, 13, 1, 143, 108, 83, 21, 23, 15, 14, 124, 6, 12, 69, 28, 157,Fail cat ship
1594, 16, 4, 8, 26, 75, 4, 13, 12, 98, 251, 20, 20, 43, 5, 90, 31, 29, 8, 86, 110, 19, 16, 226, 18, 148,Fail cat truck
3990, 13, 10, 4, 44, 105, 7, 11, 31, 121, 216, 25, 18, 29, 172, 214, 12, 2, 50, 1, 204, 17, 15, 27, 203, 247,Fail deer airplane
3990, 5, 3, 226, 132, 234, 7, 14, 68, 213, 239, 10, 2, 78, 29, 145, 7, 13, 24, 41, 177, 13, 12, 200, 193, 159,Fail deer automobile
3990, 26, 17, 160, 13, 41, 16, 6, 100, 139, 84, 13, 16, 178, 140, 123, 27, 8, 163, 68, 6, 5, 13, 42, 253, 245,Success deer bird 30
3990, 28, 19, 21, 209, 206, 11, 13, 54, 157, 220, 11, 14, 105, 242, 216, 21, 8, 3, 9, 79, 24, 10, 141, 14, 42,Fail deer cat
3990, 21, 17, 7, 18, 68, 18, 17, 82, 16, 29, 27, 17, 134, 194, 218, 5, 27, 73, 151, 107, 26, 13, 142, 162, 105,Success deer dog 31
3990, 13, 7, 119, 27, 89, 9, 8, 4, 29, 117, 17, 23, 41, 11, 97, 14, 7, 53, 193, 237, 18, 10, 118, 244, 217,Fail deer frog
3990, 24, 17, 176, 218, 241, 12, 10, 53, 23, 168, 5, 13, 26, 255, 255, 17, 9, 84, 18, 78, 20, 17, 112, 180, 201,Success deer horse 67
3990, 12, 7, 205, 186, 108, 20, 17, 6, 65, 250, 15, 29, 212, 212, 136, 21, 17, 5, 5, 252, 25, 18, 146, 241, 242,Fail deer ship
3990, 9, 12, 0, 96, 252, 14, 13, 251, 210, 181, 29, 21, 251, 217, 252, 26, 8, 19, 75, 248, 9, 13, 42, 16, 210,Fail deer truck
8126, 16, 10, 5, 245, 232, 30, 19, 94, 25, 82, 17, 29, 183, 11, 23, 18, 13, 27, 210, 136, 23, 5, 176, 204, 84,Success deer airplane 32
8126, 15, 11, 238, 84, 23, 21, 17, 23, 177, 198, 4, 13, 157, 5, 89, 12, 30, 53, 191, 28, 17, 9, 38, 189, 235,Success deer automobile 59
8126, 18, 8, 109, 49, 236, 13, 19, 147, 136, 75, 11, 27, 115, 174, 91, 13, 8, 253, 18, 0, 16, 16, 0, 113, 247,Fail deer bird
8126, 16, 12, 97, 120, 79, 19, 10, 47, 34, 9, 6, 26, 2, 28, 66, 29, 14, 37, 42, 119, 23, 8, 249, 83, 171,Success deer cat 10
8126, 22, 9, 9, 161, 217, 6, 24, 45, 47, 112, 12, 10, 44, 27, 64, 20, 8, 107, 49, 35, 25, 25, 158, 115, 73,Success deer dog 25
8126, 11, 12, 192, 217, 2, 10, 26, 11, 3, 39, 19, 11, 181, 150, 234, 22, 2, 65, 183, 197, 18, 28, 142, 183, 240,Success deer frog 24
8126, 8, 26, 7, 41, 63, 19, 9, 1, 161, 218, 18, 20, 255, 49, 21, 26, 8, 22, 175, 61, 15, 31, 16, 105, 28,Success deer horse 20
8126, 20, 20, 81, 163, 234, 6, 8, 252, 8, 11, 22, 8, 241, 255, 120, 6, 25, 136, 12, 66, 26, 25, 38, 60, 90,Success deer ship 99
8126, 14, 10, 221, 25, 105, 10, 26, 82, 136, 244, 20, 20, 12, 210, 225, 16, 18, 3, 135, 76, 21, 4, 42, 245, 243,Success deer truck 31
925, 30, 9, 139, 104, 249, 19, 3, 254, 181, 242, 12, 10, 252, 255, 255, 21, 17, 4, 49, 249, 9, 12, 253, 22, 197,Fail dog airplane
925, 19, 5, 17, 206, 177, 11, 7, 246, 111, 112, 8, 11, 190, 55, 26, 21, 19, 143, 13, 4, 10, 10, 84, 191, 207,Success dog automobile 23
925, 21, 16, 16, 164, 252, 9, 9, 3, 250, 223, 12, 7, 1, 191, 254, 4, 12, 92, 254, 0, 21, 20, 184, 96, 81,Fail dog bird
925,Success Mispredict
925, 13, 25, 8, 91, 101, 12, 28, 217, 54, 145, 20, 21, 14, 97, 202, 12, 17, 206, 1, 224, 4, 15, 28, 215, 109,Success dog deer 47
925, 18, 15, 111, 213, 44, 22, 19, 173, 80, 40, 18, 25, 36, 219, 33, 4, 18, 107, 247, 14, 14, 7, 26, 75, 197,Fail dog frog
925, 19, 19, 133, 28, 3, 4, 24, 131, 172, 181, 7, 27, 53, 19, 198, 22, 16, 224, 255, 109, 10, 9, 43, 227, 219,Success dog horse 3
925, 6, 17, 244, 38, 194, 4, 17, 37, 141, 146, 21, 17, 74, 174, 240, 26, 5, 174, 202, 149, 8, 12, 109, 152, 178,Fail dog ship
925, 20, 16, 139, 221, 244, 25, 16, 251, 0, 110, 27, 29, 252, 45, 116, 5, 10, 167, 160, 237, 21, 22, 0, 102, 251,Fail dog truck
181, 23, 12, 5, 2, 211, 16, 21, 7, 225, 3, 19, 14, 14, 255, 1, 8, 4, 194, 155, 2, 1, 12, 181, 102, 17,Fail dog airplane
181, 31, 12, 64, 191, 29, 24, 18, 19, 79, 113, 28, 9, 9, 18, 5, 18, 24, 26, 12, 224, 25, 9, 0, 189, 12,Fail dog automobile
181, 13, 25, 254, 120, 234, 19, 14, 160, 18, 32, 15, 19, 9, 195, 61, 14, 15, 252, 248, 160, 19, 16, 39, 243, 41,Success dog bird 85
181, 24, 13, 149, 245, 199, 21, 10, 87, 232, 163, 15, 16, 33, 169, 86, 19, 22, 250, 213, 123, 24, 8, 135, 65, 54,Success dog cat 6
181, 8, 4, 128, 74, 78, 9, 5, 86, 85, 80, 17, 22, 16, 47, 198, 19, 14, 65, 239, 84, 4, 25, 136, 222, 72,Success dog deer 92
181, 26, 10, 58, 59, 36, 19, 14, 61, 253, 7, 11, 6, 215, 240, 208, 16, 18, 87, 211, 28, 25, 17, 152, 201, 18,Success dog frog 75
181, 1, 15, 230, 33, 31, 15, 9, 95, 3, 75, 25, 18, 21, 4, 207, 25, 12, 123, 53, 154, 15, 21, 65, 241, 206,Success dog horse 5
181, 24, 14, 225, 162, 56, 24, 6, 147, 8, 155, 23, 18, 2, 100, 137, 21, 13, 0, 210, 254, 22, 24, 1, 190, 254,Fail dog ship
181, 21, 25, 50, 130, 252, 16, 22, 120, 176, 71, 16, 18, 1, 255, 1, 24, 9, 56, 3, 6, 27, 17, 4, 161, 12,Fail dog truck
5710, 24, 30, 36, 72, 28, 7, 2, 3, 159, 245, 29, 16, 1, 110, 111, 24, 8, 13, 44, 115, 14, 11, 4, 82, 171,Fail frog airplane
5710, 1, 17, 32, 255, 255, 24, 8, 8, 56, 69, 2, 8, 50, 175, 213, 2, 22, 70, 212, 242, 13, 11, 1, 245, 250,Fail frog automobile
5710, 2, 14, 209, 202, 108, 22, 18, 174, 133, 231, 2, 21, 32, 253, 255, 19, 19, 183, 239, 21, 22, 10, 12, 2, 132,Fail frog bird
5710, 28, 5, 14, 25, 161, 18, 23, 36, 152, 245, 7, 21, 33, 3, 150, 12, 10, 189, 254, 255, 22, 24, 133, 27, 87,Fail frog cat
5710, 4, 6, 30, 175, 162, 31, 13, 244, 176, 168, 9, 11, 15, 237, 237, 11, 17, 35, 133, 255, 30, 16, 44, 57, 146,Fail frog deer
5710, 8, 9, 90, 155, 246, 21, 9, 91, 28, 200, 16, 18, 18, 207, 251, 4, 8, 198, 183, 93, 24, 8, 9, 47, 148,Fail frog dog
5710, 26, 25, 52, 13, 64, 2, 21, 39, 114, 234, 24, 10, 18, 70, 165, 21, 11, 234, 254, 132, 13, 11, 240, 88, 173,Fail frog horse
5710, 24, 27, 8, 153, 165, 18, 22, 216, 108, 166, 24, 10, 5, 21, 227, 8, 9, 246, 66, 55, 7, 26, 23, 246, 203,Fail frog ship
5710, 1, 9, 145, 92, 155, 8, 8, 37, 223, 202, 16, 20, 140, 32, 193, 19, 22, 107, 184, 228, 20, 8, 9, 23, 45,Fail frog truck
616, 0, 16, 58, 185, 138, 13, 11, 129, 140, 249, 4, 27, 66, 143, 223, 11, 13, 241, 9, 13, 28, 24, 61, 30, 163,Fail frog airplane
616, 5, 6, 19, 108, 183, 16, 20, 112, 98, 201, 9, 23, 226, 20, 9, 12, 9, 64, 198, 217, 7, 8, 16, 33, 130,Success frog automobile 60
616, 13, 12, 65, 249, 246, 29, 16, 89, 21, 215, 31, 11, 188, 36, 70, 3, 2, 95, 14, 129, 17, 18, 162, 151, 140,Fail frog bird
616, 29, 17, 31, 21, 83, 14, 11, 42, 100, 254, 27, 10, 97, 74, 36, 15, 12, 196, 219, 83, 28, 26, 40, 64, 143,Fail frog cat
616, 5, 4, 20, 77, 86, 21, 2, 159, 89, 21, 7, 2, 84, 122, 215, 18, 18, 201, 225, 198, 23, 11, 71, 12, 29,Fail frog deer
616, 28, 17, 19, 95, 219, 14, 10, 255, 196, 245, 20, 20, 90, 39, 4, 9, 22, 255, 41, 94, 16, 21, 156, 180, 239,Fail frog dog
616, 12, 11, 151, 174, 233, 12, 3, 208, 70, 52, 26, 18, 43, 64, 83, 9, 13, 37, 230, 216, 13, 11, 27, 233, 253,Fail frog horse
616, 5, 12, 72, 118, 115, 20, 18, 57, 16, 153, 21, 27, 156, 5, 27, 9, 22, 224, 51, 85, 9, 7, 217, 16, 5,Fail frog ship
616, 6, 24, 214, 8, 70, 12, 6, 17, 136, 246, 16, 20, 128, 84, 78, 29, 16, 19, 136, 252, 5, 7, 2, 186, 230,Fail frog truck
4354, 9, 21, 232, 41, 100, 10, 0, 200, 52, 98, 21, 12, 250, 184, 128, 13, 18, 225, 27, 49, 11, 6, 169, 153, 32,Success horse airplane 0
4354, 24, 8, 37, 227, 3, 17, 5, 2, 218, 254, 22, 18, 13, 181, 253, 27, 11, 134, 152, 240, 21, 11, 18, 251, 251,Fail horse automobile
4354, 23, 14, 194, 135, 228, 24, 9, 243, 231, 201, 14, 17, 11, 212, 92, 19, 15, 142, 238, 91, 23, 10, 155, 131, 228,Fail horse bird
4354, 23, 15, 166, 255, 108, 22, 5, 255, 254, 255, 3, 19, 189, 102, 92, 22, 12, 254, 171, 139, 4, 4, 32, 139, 123,Fail horse cat
4354, 27, 8, 210, 156, 152, 3, 14, 152, 250, 122, 20, 12, 39, 119, 82, 31, 15, 124, 11, 87, 7, 4, 4, 34, 59,Success horse deer 16
4354, 24, 6, 98, 168, 255, 22, 12, 125, 74, 181, 4, 26, 104, 62, 32, 21, 5, 249, 231, 233, 25, 19, 120, 206, 185,Success horse dog 47
4354, 5, 15, 22, 1, 26, 25, 11, 244, 45, 73, 17, 6, 122, 188, 242, 21, 12, 58, 238, 187, 26, 25, 179, 94, 178,Success horse frog 53
4354, 9, 25, 189, 9, 15, 16, 6, 39, 248, 253, 20, 12, 11, 254, 247, 24, 14, 51, 242, 254, 24, 5, 125, 208, 246,Fail horse ship
4354, 16, 4, 207, 224, 208, 21, 9, 55, 131, 230, 23, 4, 241, 96, 129, 26, 13, 33, 222, 140, 24, 20, 133, 232, 128,Success horse truck 28
6977, 22, 13, 17, 205, 125, 28, 7, 76, 93, 239, 30, 22, 133, 186, 235, 6, 26, 11, 137, 246, 17, 14, 219, 30, 171,Success horse airplane 33
6977, 6, 26, 119, 161, 250, 21, 12, 47, 213, 193, 12, 11, 242, 101, 166, 24, 12, 149, 212, 214, 29, 25, 253, 190, 252,Fail horse automobile
6977, 12, 18, 68, 109, 137, 21, 14, 140, 156, 173, 23, 16, 34, 220, 157, 7, 26, 29, 210, 243, 29, 18, 18, 181, 228,Success horse bird 26
6977, 9, 9, 54, 83, 80, 5, 26, 28, 127, 204, 28, 12, 19, 86, 191, 21, 18, 192, 138, 226, 25, 15, 188, 252, 102,Success horse cat 43
6977, 16, 13, 174, 140, 186, 30, 15, 219, 252, 241, 20, 16, 64, 238, 32, 18, 19, 253, 4, 135, 6, 26, 58, 227, 2,Success horse deer 93
6977, 21, 17, 84, 9, 13, 26, 25, 94, 67, 193, 10, 10, 57, 66, 12, 4, 25, 201, 161, 127, 26, 14, 59, 238, 143,Success horse dog 12
6977, 6, 24, 78, 130, 7, 22, 13, 37, 8, 164, 14, 26, 208, 20, 60, 30, 13, 88, 122, 242, 15, 25, 102, 63, 240,Fail horse frog
6977, 6, 26, 245, 201, 50, 30, 17, 18, 215, 120, 29, 9, 75, 72, 231, 14, 21, 185, 99, 201, 15, 14, 202, 244, 13,Fail horse ship
6977, 24, 12, 83, 234, 240, 7, 24, 238, 186, 175, 21, 18, 249, 3, 97, 27, 27, 175, 157, 170, 15, 18, 90, 145, 32,Success horse truck 95
665,Success Mispredict
665, 21, 7, 226, 170, 122, 20, 23, 127, 227, 135, 28, 20, 228, 37, 45, 11, 20, 30, 75, 86, 0, 7, 108, 76, 37,Success ship automobile 57
665, 11, 20, 195, 79, 2, 23, 16, 105, 154, 167, 6, 10, 22, 83, 94, 17, 23, 114, 143, 43, 10, 23, 3, 148, 165,Success ship bird 59
665, 7, 8, 167, 56, 61, 25, 17, 248, 111, 16, 21, 7, 255, 150, 124, 29, 23, 255, 0, 49, 4, 11, 45, 48, 97,Fail ship cat
665, 2, 17, 142, 41, 87, 6, 20, 103, 24, 193, 12, 16, 33, 158, 121, 24, 16, 131, 93, 183, 8, 13, 234, 168, 58,Success ship deer 33
665, 12, 20, 1, 11, 86, 5, 10, 133, 15, 8, 19, 28, 141, 174, 78, 8, 8, 3, 8, 6, 18, 3, 43, 246, 52,Success ship dog 54
665, 27, 25, 161, 99, 255, 25, 21, 173, 251, 211, 19, 7, 251, 55, 134, 21, 27, 137, 237, 124, 24, 14, 171, 89, 11,Fail ship frog
665, 7, 10, 37, 3, 20, 20, 8, 168, 255, 114, 25, 20, 222, 20, 32, 1, 10, 1, 0, 173, 9, 7, 11, 66, 179,Fail ship horse
665, 21, 9, 225, 82, 140, 26, 13, 11, 110, 189, 24, 24, 18, 113, 235, 27, 19, 231, 20, 117, 6, 10, 90, 15, 145,Fail ship truck
15, 22, 6, 51, 108, 17, 22, 4, 214, 130, 178, 28, 14, 216, 227, 156, 25, 28, 169, 80, 84, 15, 27, 152, 151, 240,Success ship airplane 3
15, 14, 30, 139, 11, 211, 20, 5, 131, 119, 33, 5, 27, 252, 17, 122, 13, 3, 213, 93, 161, 26, 9, 223, 180, 255,Success ship automobile 35
15, 24, 11, 9, 17, 51, 25, 8, 187, 168, 227, 29, 5, 157, 205, 62, 28, 6, 208, 99, 141, 11, 17, 191, 167, 248,Fail ship bird
15, 20, 20, 141, 1, 36, 19, 20, 220, 67, 177, 21, 5, 13, 41, 47, 27, 6, 227, 157, 68, 25, 13, 36, 116, 24,Success ship cat 48
15, 20, 18, 135, 55, 79, 10, 28, 231, 165, 118, 21, 5, 108, 136, 90, 26, 6, 234, 134, 227, 26, 14, 28, 12, 55,Success ship deer 85
15, 21, 5, 29, 41, 90, 28, 11, 253, 242, 224, 4, 2, 202, 26, 218, 20, 22, 26, 43, 48, 26, 10, 254, 41, 94,Success ship dog 66
15, 8, 12, 54, 168, 145, 22, 6, 1, 33, 123, 16, 1, 40, 6, 105, 19, 8, 157, 10, 48, 4, 28, 20, 82, 141,Success ship frog 4
15, 21, 25, 48, 43, 149, 26, 14, 203, 12, 3, 28, 9, 251, 63, 113, 30, 22, 7, 27, 63, 25, 12, 3, 127, 77,Fail ship horse
15, 30, 29, 174, 184, 221, 2, 18, 180, 13, 173, 2, 28, 244, 12, 2, 27, 7, 244, 39, 160, 26, 13, 88, 150, 104,Fail ship truck
9147, 23, 28, 87, 78, 186, 26, 18, 99, 2, 17, 12, 5, 2, 59, 194, 19, 19, 154, 145, 193, 11, 19, 98, 216, 153,Success truck airplane 31
9147, 10, 20, 233, 238, 171, 26, 21, 119, 51, 4, 17, 16, 38, 94, 130, 9, 17, 20, 106, 143, 6, 12, 18, 81, 49,Success truck automobile 4
9147, 23, 26, 30, 215, 79, 5, 16, 14, 107, 154, 11, 17, 22, 191, 251, 26, 19, 127, 26, 106, 20, 17, 172, 102, 208,Success truck bird 69
9147, 15, 15, 208, 157, 179, 7, 16, 252, 71, 136, 25, 21, 58, 137, 116, 28, 17, 0, 88, 179, 26, 24, 31, 180, 52,Success truck cat 21
9147, 7, 8, 254, 121, 126, 25, 25, 89, 177, 125, 27, 17, 12, 84, 129, 6, 7, 219, 112, 146, 12, 13, 136, 249, 174,Success truck deer 86
9147, 9, 18, 186, 211, 237, 24, 29, 206, 20, 150, 29, 20, 251, 81, 24, 29, 10, 212, 45, 227, 10, 13, 30, 62, 85,Success truck dog 1
9147, 30, 19, 143, 121, 136, 26, 13, 15, 51, 206, 5, 8, 250, 116, 132, 9, 18, 59, 31, 233, 30, 13, 50, 70, 69,Success truck frog 65
9147, 28, 17, 6, 3, 78, 9, 18, 61, 250, 240, 19, 14, 253, 172, 54, 3, 15, 173, 125, 163, 25, 26, 114, 128, 132,Success truck horse 79
9147, 20, 17, 251, 7, 134, 29, 20, 89, 97, 35, 9, 11, 225, 39, 115, 12, 10, 149, 193, 216, 10, 19, 206, 77, 57,Success truck ship 66
1732, 6, 5, 255, 15, 85, 9, 21, 255, 245, 250, 20, 18, 212, 187, 78, 6, 20, 255, 71, 126, 29, 25, 255, 246, 223,Fail truck airplane
1732,Success Mispredict
1732, 27, 9, 37, 81, 62, 9, 21, 198, 255, 255, 15, 25, 135, 248, 237, 8, 14, 16, 89, 28, 18, 15, 6, 110, 146,Fail truck bird
1732, 20, 28, 246, 197, 87, 6, 21, 248, 163, 223, 9, 21, 250, 224, 222, 26, 24, 52, 0, 15, 21, 15, 202, 186, 96,Fail truck cat
1732, 8, 9, 251, 117, 245, 9, 11, 15, 7, 13, 16, 22, 131, 208, 61, 18, 14, 249, 184, 148, 5, 23, 120, 249, 184,Fail truck deer
1732, 9, 13, 3, 0, 0, 17, 24, 32, 237, 114, 18, 16, 12, 100, 220, 16, 11, 184, 144, 153, 9, 21, 253, 246, 185,Fail truck dog
1732, 9, 11, 45, 18, 0, 9, 21, 250, 218, 209, 19, 11, 179, 183, 47, 26, 23, 114, 215, 197, 7, 15, 34, 236, 171,Success truck frog 73
1732, 9, 21, 254, 156, 231, 27, 26, 123, 70, 21, 26, 26, 90, 25, 47, 30, 5, 122, 138, 236, 6, 20, 225, 228, 145,Fail truck horse
1732, 7, 15, 4, 149, 181, 16, 28, 89, 251, 93, 9, 21, 248, 193, 107, 19, 18, 254, 255, 122, 16, 11, 235, 124, 244,Fail truck ship
