6015, 26, 12, 127, 144, 244, 24, 14, 30, 204, 201, 24, 28, 3, 162, 252,Success airplane automobile 37
6015, 15, 8, 70, 249, 0, 12, 18, 0, 0, 0, 13, 17, 32, 255, 253,Fail airplane bird
6015, 12, 9, 121, 151, 145, 13, 18, 167, 224, 200, 23, 15, 255, 255, 224,Fail airplane cat
6015, 22, 18, 0, 189, 255, 12, 18, 162, 184, 114, 26, 11, 116, 110, 112,Fail airplane deer
6015, 12, 12, 9, 252, 118, 13, 19, 43, 232, 241, 13, 9, 52, 84, 17,Fail airplane dog
6015, 14, 14, 140, 250, 54, 15, 21, 43, 234, 13, 13, 18, 10, 255, 229,Success airplane frog 59
6015, 13, 16, 2, 249, 254, 12, 20, 2, 8, 2, 16, 16, 10, 248, 19,Fail airplane horse
6015, 12, 19, 42, 20, 126, 14, 15, 110, 152, 238, 12, 31, 21, 198, 110,Success airplane ship 0
6015, 10, 4, 0, 178, 252, 23, 19, 255, 255, 205, 24, 26, 106, 227, 254,Fail airplane truck
5328, 15, 3, 163, 173, 182, 14, 20, 0, 255, 255, 21, 17, 255, 0, 0,Fail airplane automobile
5328, 23, 16, 30, 251, 0, 7, 28, 255, 0, 146, 10, 24, 121, 255, 23,Fail airplane bird
5328, 12, 6, 30, 180, 133, 2, 13, 237, 52, 47, 21, 13, 219, 29, 151,Fail airplane cat
5328, 14, 13, 0, 14, 160, 21, 13, 160, 0, 125, 4, 26, 178, 42, 23,Fail airplane deer
5328, 21, 13, 254, 0, 47, 14, 13, 0, 0, 129, 10, 21, 255, 0, 209,Fail airplane dog
5328, 7, 16, 54, 255, 0, 6, 22, 139, 0, 72, 4, 17, 131, 19, 0,Fail airplane frog
5328, 23, 24, 161, 219, 255, 15, 17, 255, 0, 109, 21, 13, 255, 0, 101,Fail airplane horse
5328, 6, 19, 41, 73, 161, 17, 4, 239, 72, 24, 5, 14, 255, 17, 120,Fail airplane ship
5328, 16, 4, 155, 165, 120, 21, 13, 255, 0, 1, 15, 18, 1, 254, 255,Fail airplane truck
9496, 8, 2, 247, 6, 28, 24, 9, 243, 1, 10, 11, 3, 8, 6, 5,Fail automobile airplane
9496, 25, 11, 231, 52, 255, 4, 27, 200, 4, 2, 8, 25, 255, 6, 16,Fail automobile bird
9496, 26, 22, 64, 255, 255, 20, 15, 169, 0, 0, 16, 14, 0, 1, 209,Fail automobile cat
9496, 22, 23, 54, 255, 53, 4, 18, 3, 2, 129, 15, 12, 54, 0, 0,Fail automobile deer
9496, 3, 17, 255, 0, 0, 6, 27, 53, 5, 133, 18, 13, 0, 0, 255,Fail automobile dog
9496, 23, 15, 30, 255, 0, 6, 17, 255, 0, 255, 19, 24, 75, 255, 41,Fail automobile frog
9496, 15, 11, 42, 1, 2, 4, 18, 113, 7, 1, 16, 12, 30, 1, 7,Fail automobile horse
9496, 8, 26, 31, 31, 85, 20, 22, 53, 88, 245, 11, 14, 255, 0, 0,Fail automobile ship
9496, 6, 20, 146, 0, 7, 23, 9, 255, 0, 0, 4, 10, 0, 17, 248,Fail automobile truck
7169, 19, 8, 226, 105, 190, 27, 8, 28, 43, 142, 28, 16, 23, 8, 115,Success automobile airplane 19
7169, 26, 17, 133, 31, 33, 25, 20, 147, 10, 9, 29, 16, 143, 49, 37,Fail automobile bird
7169, 22, 18, 49, 145, 252, 13, 6, 148, 0, 0, 28, 6, 0, 0, 255,Fail automobile cat
7169, 28, 16, 70, 30, 17, 19, 6, 57, 255, 33, 27, 8, 77, 75, 122,Fail automobile deer
7169, 27, 6, 166, 0, 255, 10, 15, 206, 50, 76, 26, 9, 222, 8, 64,Fail automobile dog
7169, 28, 16, 112, 29, 41, 28, 8, 125, 53, 131, 20, 6, 0, 248, 0,Fail automobile frog
7169, 28, 16, 52, 6, 64, 28, 6, 134, 87, 65, 26, 8, 28, 30, 76,Fail automobile horse
7169, 10, 14, 251, 4, 0, 12, 14, 251, 2, 9, 28, 8, 172, 51, 130,Fail automobile ship
7169, 21, 14, 244, 132, 95, 12, 12, 0, 2, 240, 20, 8, 252, 0, 150,Success automobile truck 42
8480, 9, 22, 212, 8, 3, 5, 20, 246, 106, 102, 12, 15, 3, 13, 239,Success bird airplane 21
8480, 12, 16, 38, 6, 220, 6, 30, 6, 160, 11, 15, 25, 226, 13, 24,Success bird automobile 25
8480, 19, 16, 3, 226, 158, 10, 27, 6, 0, 0, 27, 24, 254, 242, 251,Fail bird cat
8480, 23, 9, 50, 189, 26, 6, 6, 208, 165, 104, 8, 10, 250, 55, 251,Fail bird deer
8480, 2, 10, 253, 232, 140, 6, 9, 207, 242, 255, 4, 6, 249, 255, 255,Fail bird dog
8480,Success Mispredict
8480, 5, 10, 255, 246, 229, 21, 7, 99, 255, 255, 13, 15, 15, 181, 226,Fail bird horse
8480, 12, 23, 72, 127, 34, 12, 14, 80, 60, 121, 5, 14, 250, 71, 77,Success bird ship 5
8480, 28, 16, 224, 249, 81, 15, 25, 250, 14, 4, 28, 28, 199, 243, 165,Success bird truck 68
2065, 20, 26, 12, 40, 165, 20, 15, 234, 32, 184, 18, 12, 33, 38, 226,Success bird airplane 21
2065, 18, 18, 34, 52, 69, 4, 6, 126, 236, 251, 16, 8, 94, 255, 248,Fail bird automobile
2065, 23, 6, 244, 43, 147, 10, 20, 241, 195, 217, 10, 17, 85, 169, 139,Success bird cat 5
2065, 10, 24, 86, 13, 132, 20, 7, 220, 92, 27, 22, 20, 119, 207, 66,Success bird deer 0
2065, 19, 12, 101, 31, 41, 24, 17, 120, 210, 223, 5, 8, 6, 225, 138,Success bird dog 0
2065, 2, 20, 152, 151, 39, 28, 4, 88, 230, 115, 10, 20, 49, 32, 192,Success bird frog 0
2065, 18, 26, 29, 12, 126, 24, 6, 43, 121, 242, 17, 10, 0, 241, 218,Success bird horse 23
2065, 20, 8, 131, 0, 0, 25, 5, 255, 0, 1, 13, 5, 46, 72, 143,Fail bird ship
2065, 7, 20, 131, 234, 250, 11, 5, 174, 255, 255, 12, 20, 12, 1, 22,Fail bird truck
7384, 24, 10, 0, 0, 33, 22, 15, 149, 72, 33, 22, 12, 26, 0, 0,Fail cat airplane
7384, 25, 11, 2, 0, 0, 22, 13, 44, 42, 20, 23, 10, 0, 0, 28,Fail cat automobile
7384, 11, 21, 255, 0, 0, 24, 13, 120, 255, 0, 17, 12, 79, 249, 10,Fail cat bird
7384, 24, 27, 0, 70, 178, 22, 16, 119, 255, 0, 17, 10, 0, 166, 0,Fail cat deer
7384,Success Mispredict
7384, 9, 22, 254, 70, 255, 11, 19, 0, 255, 39, 19, 10, 163, 255, 0,Fail cat frog
7384, 4, 24, 191, 247, 101, 17, 12, 27, 252, 0, 9, 22, 253, 21, 205,Success cat horse 22
7384, 24, 10, 68, 0, 0, 22, 12, 107, 0, 0, 22, 16, 79, 60, 83,Fail cat ship
7384, 24, 26, 255, 2, 1, 24, 17, 1, 253, 2, 24, 9, 85, 0, 45,Fail cat truck
9120, 15, 11, 1, 254, 4, 11, 16, 254, 0, 255, 21, 16, 10, 7, 7,Success cat airplane 92
9120, 11, 15, 7, 255, 117, 4, 13, 0, 53, 88, 7, 20, 0, 252, 11,Fail cat automobile
9120, 4, 24, 26, 12, 111, 6, 4, 27, 64, 122, 19, 13, 98, 221, 156,Success cat bird 17
9120, 7, 13, 78, 204, 44, 19, 12, 1, 81, 75, 30, 4, 145, 214, 203,Success cat deer 0
9120, 17, 13, 195, 216, 245, 5, 11, 53, 92, 118, 13, 0, 211, 145, 15,Success cat dog 0
9120, 9, 5, 10, 19, 44, 9, 15, 70, 226, 123, 13, 7, 246, 131, 45,Success cat frog 15
9120, 8, 5, 10, 0, 19, 22, 15, 36, 142, 17, 4, 13, 0, 1, 140,Fail cat horse
9120, 3, 16, 125, 0, 33, 12, 14, 0, 255, 255, 21, 12, 11, 138, 192,Fail cat ship
9120, 15, 11, 0, 254, 8, 21, 16, 3, 3, 0, 11, 16, 253, 8, 165,Fail cat truck
5641, 19, 14, 255, 0, 0, 16, 17, 0, 18, 135, 10, 12, 3, 0, 230,Fail deer airplane
5641, 18, 15, 246, 5, 3, 14, 8, 0, 33, 197, 10, 12, 1, 0, 253,Fail deer automobile
5641, 9, 10, 2, 1, 252, 12, 10, 0, 43, 10, 11, 22, 1, 254, 253,Fail deer bird
5641, 9, 12, 1, 1, 246, 11, 11, 0, 12, 249, 19, 12, 2, 252, 1,Fail deer cat
5641, 26, 5, 33, 226, 250, 9, 17, 0, 0, 255, 15, 21, 182, 244, 253,Fail deer dog
5641, 18, 15, 90, 255, 0, 10, 12, 0, 0, 251, 21, 24, 0, 0, 255,Fail deer frog
5641, 9, 12, 1, 51, 236, 19, 26, 34, 24, 101, 11, 12, 24, 15, 226,Success deer horse 25
5641, 18, 15, 211, 2, 0, 12, 14, 0, 0, 179, 15, 20, 255, 0, 255,Fail deer ship
5641, 15, 20, 112, 214, 255, 9, 16, 1, 3, 255, 12, 12, 86, 255, 255,Fail deer truck
6161, 16, 20, 1, 12, 249, 14, 15, 254, 89, 72, 10, 20, 252, 168, 231,Fail deer airplane
6161, 10, 20, 183, 204, 240, 15, 19, 54, 221, 74, 14, 9, 101, 147, 255,Fail deer automobile
6161, 18, 4, 148, 53, 205, 5, 20, 8, 33, 219, 12, 2, 210, 10, 188,Success deer bird 0
6161, 15, 25, 19, 230, 237, 25, 18, 244, 20, 164, 26, 16, 16, 243, 240,Success deer cat 88
6161, 25, 12, 116, 178, 226, 11, 21, 15, 115, 220, 16, 19, 7, 196, 171,Success deer dog 12
6161, 10, 19, 197, 216, 220, 16, 20, 96, 98, 47, 26, 16, 52, 222, 226,Success deer frog 23
6161, 7, 20, 254, 10, 35, 18, 12, 6, 239, 250, 18, 19, 224, 10, 77,Success deer horse 32
6161, 16, 20, 38, 146, 142, 10, 20, 136, 171, 242, 25, 26, 255, 0, 246,Fail deer ship
6161, 19, 18, 0, 254, 14, 16, 24, 255, 15, 26, 26, 25, 250, 1, 1,Fail deer truck
1283, 10, 22, 0, 36, 215, 12, 20, 56, 0, 3, 19, 24, 252, 0, 0,Fail dog airplane
1283, 15, 12, 0, 1, 255, 14, 20, 255, 0, 3, 24, 26, 254, 238, 244,Fail dog automobile
1283, 18, 8, 254, 253, 0, 19, 15, 26, 254, 1, 19, 16, 69, 255, 0,Fail dog bird
1283, 18, 11, 74, 246, 11, 19, 17, 0, 240, 23, 19, 5, 8, 196, 55,Success dog cat 45
1283, 19, 12, 110, 255, 2, 25, 27, 105, 255, 247, 15, 11, 57, 255, 1,Fail dog deer
1283, 18, 11, 9, 255, 1, 26, 19, 106, 0, 3, 18, 12, 111, 253, 2,Fail dog frog
1283, 12, 14, 0, 0, 176, 26, 15, 0, 0, 72, 4, 13, 255, 94, 13,Fail dog horse
1283, 18, 23, 255, 0, 86, 12, 21, 255, 0, 0, 12, 16, 19, 15, 32,Fail dog ship
1283, 24, 26, 255, 238, 254, 23, 28, 254, 118, 53, 15, 20, 255, 0, 0,Fail dog truck
5823, 16, 24, 0, 0, 157, 18, 19, 0, 5, 4, 20, 9, 0, 0, 65,Fail dog airplane
5823, 19, 24, 0, 0, 127, 11, 11, 11, 244, 254, 4, 13, 0, 0, 176,Fail dog automobile
5823, 11, 11, 255, 0, 255, 18, 24, 0, 14, 177, 18, 23, 0, 24, 43,Fail dog bird
5823, 20, 24, 255, 0, 0, 12, 27, 0, 151, 39, 18, 22, 39, 91, 176,Fail dog cat
5823, 16, 24, 8, 33, 69, 16, 23, 0, 5, 92, 9, 27, 0, 255, 117,Fail dog deer
5823, 16, 20, 1, 0, 251, 14, 27, 0, 7, 175, 20, 24, 241, 1, 0,Fail dog frog
5823, 22, 9, 0, 0, 63, 19, 14, 0, 0, 55, 16, 24, 0, 0, 112,Fail dog horse
5823, 22, 6, 67, 255, 14, 31, 22, 6, 254, 255, 16, 23, 0, 0, 130,Fail dog ship
5823, 7, 26, 0, 50, 211, 15, 24, 10, 0, 0, 3, 8, 0, 142, 255,Fail dog truck
2669, 15, 12, 183, 0, 255, 20, 20, 0, 98, 255, 9, 17, 66, 255, 184,Fail frog airplane
2669, 20, 19, 4, 39, 195, 19, 19, 2, 11, 229, 8, 18, 18, 235, 245,Success frog automobile 34
2669, 15, 11, 246, 46, 255, 10, 27, 6, 128, 221, 10, 9, 44, 232, 242,Success frog bird 20
2669, 15, 18, 255, 0, 253, 23, 3, 255, 5, 151, 15, 12, 227, 1, 227,Fail frog cat
2669, 17, 12, 130, 15, 238, 19, 22, 48, 236, 152, 19, 10, 7, 218, 255,Success frog deer 30
2669, 12, 17, 213, 0, 255, 7, 16, 5, 157, 255, 5, 18, 88, 105, 248,Fail frog dog
2669, 19, 7, 253, 0, 4, 11, 7, 5, 140, 255, 19, 24, 0, 0, 254,Fail frog horse
2669, 21, 7, 255, 0, 255, 12, 13, 48, 255, 255, 12, 17, 68, 255, 255,Fail frog ship
2669, 20, 23, 0, 1, 0, 20, 5, 251, 2, 6, 15, 12, 255, 0, 254,Fail frog truck
1589, 14, 16, 2, 0, 12, 5, 19, 103, 1, 255, 14, 15, 104, 243, 254,Fail frog airplane
1589, 14, 15, 6, 54, 219, 4, 18, 63, 31, 182, 20, 8, 7, 54, 221,Success frog automobile 20
1589, 13, 26, 6, 255, 255, 5, 19, 108, 1, 254, 17, 27, 150, 201, 251,Success frog bird 68
1589, 18, 24, 2, 252, 255, 17, 23, 1, 9, 255, 2, 7, 5, 225, 243,Fail frog cat
1589, 19, 8, 15, 79, 183, 12, 14, 0, 0, 103, 6, 10, 0, 0, 75,Fail frog deer
1589, 12, 15, 0, 0, 13, 10, 17, 0, 0, 120, 19, 14, 0, 0, 233,Fail frog dog
1589, 10, 13, 12, 31, 92, 29, 13, 187, 207, 245, 12, 15, 9, 10, 0,Fail frog horse
1589, 5, 10, 81, 4, 249, 21, 11, 0, 0, 166, 14, 15, 9, 37, 187,Fail frog ship
1589, 21, 21, 239, 247, 123, 7, 19, 255, 0, 1, 13, 14, 15, 5, 0,Fail frog truck
4272, 12, 11, 254, 253, 2, 9, 11, 0, 255, 255, 8, 20, 9, 255, 254,Fail horse airplane
4272, 10, 18, 4, 255, 255, 10, 12, 0, 252, 252, 16, 26, 245, 2, 1,Fail horse automobile
4272, 7, 19, 0, 252, 255, 10, 22, 87, 255, 255, 14, 21, 92, 74, 254,Fail horse bird
4272, 7, 21, 255, 255, 239, 6, 10, 127, 255, 112, 8, 6, 183, 180, 249,Fail horse cat
4272, 8, 8, 122, 255, 63, 15, 23, 79, 255, 137, 6, 10, 66, 255, 0,Fail horse deer
4272, 8, 6, 120, 254, 201, 10, 10, 216, 255, 250, 6, 10, 66, 252, 253,Fail horse dog
4272, 10, 10, 0, 255, 105, 10, 13, 68, 255, 87, 10, 18, 24, 156, 255,Fail horse frog
4272, 30, 27, 4, 255, 252, 30, 20, 9, 255, 197, 30, 8, 1, 254, 230,Fail horse ship
4272, 19, 18, 0, 141, 82, 16, 13, 2, 255, 255, 15, 18, 8, 255, 255,Fail horse truck
6076, 14, 19, 0, 0, 254, 5, 19, 7, 255, 148, 10, 17, 6, 6, 205,Fail horse airplane
6076, 9, 17, 0, 32, 141, 12, 17, 0, 0, 0, 10, 11, 255, 175, 84,Fail horse automobile
6076, 15, 15, 0, 255, 6, 7, 20, 0, 255, 174, 4, 19, 2, 251, 254,Fail horse bird
6076, 19, 28, 250, 11, 8, 5, 19, 27, 253, 11, 12, 27, 255, 252, 254,Fail horse cat
6076, 15, 13, 11, 68, 107, 10, 17, 29, 30, 218, 23, 28, 79, 95, 142,Success horse deer 9
6076, 18, 15, 30, 171, 71, 8, 18, 53, 218, 216, 4, 21, 33, 8, 47,Success horse dog 0
6076, 16, 12, 0, 5, 67, 16, 11, 5, 19, 172, 14, 18, 1, 172, 6,Fail horse frog
6076, 10, 17, 14, 7, 163, 14, 19, 1, 0, 250, 7, 17, 0, 250, 180,Fail horse ship
6076, 5, 19, 2, 254, 2, 16, 9, 2, 0, 245, 12, 18, 1, 0, 218,Fail horse truck
2169, 26, 6, 32, 207, 201, 24, 22, 87, 255, 68, 11, 26, 50, 15, 167,Success ship airplane 0
2169, 14, 15, 0, 254, 255, 10, 16, 111, 246, 252, 22, 15, 0, 14, 8,Fail ship automobile
2169, 10, 16, 13, 168, 250, 10, 18, 51, 207, 234, 28, 14, 71, 0, 67,Success ship bird 30
2169, 27, 8, 0, 144, 248, 27, 18, 0, 106, 252, 27, 9, 0, 111, 241,Fail ship cat
2169, 27, 12, 70, 160, 245, 7, 14, 169, 0, 0, 30, 9, 160, 96, 250,Fail ship deer
2169, 10, 20, 0, 0, 8, 11, 16, 152, 86, 255, 27, 12, 66, 163, 255,Fail ship dog
2169, 28, 14, 255, 160, 96, 30, 11, 71, 148, 255, 8, 13, 184, 0, 0,Fail ship frog
2169, 28, 19, 255, 55, 2, 9, 15, 0, 165, 248, 7, 14, 255, 160, 119,Fail ship horse
2169, 22, 16, 196, 6, 122, 23, 6, 0, 247, 243, 4, 16, 4, 240, 253,Fail ship truck
1886, 19, 14, 143, 244, 84, 12, 19, 67, 133, 204, 4, 13, 59, 18, 56,Success ship airplane 1
1886, 18, 4, 12, 33, 59, 21, 27, 167, 40, 141, 25, 16, 17, 238, 199,Success ship automobile 19
1886, 12, 21, 168, 141, 90, 0, 18, 150, 4, 204, 15, 23, 252, 16, 58,Success ship bird 0
1886,Success Mispredict
1886, 8, 7, 70, 167, 15, 16, 2, 25, 56, 186, 4, 8, 55, 14, 8,Success ship deer 13
1886, 26, 18, 165, 11, 246, 24, 21, 22, 37, 114, 12, 6, 34, 13, 149,Success ship dog 0
1886, 2, 8, 105, 0, 255, 22, 12, 132, 156, 255, 4, 14, 0, 0, 255,Fail ship frog
1886, 13, 5, 15, 5, 78, 29, 14, 63, 77, 64, 25, 5, 118, 191, 3,Success ship horse 0
1886, 30, 23, 60, 144, 252, 14, 16, 227, 244, 102, 10, 6, 252, 90, 152,Success ship truck 0
1815, 7, 18, 5, 129, 255, 10, 19, 252, 1, 3, 4, 18, 13, 251, 251,Fail truck airplane
1815, 14, 20, 150, 0, 0, 7, 11, 255, 1, 7, 16, 22, 0, 15, 240,Fail truck automobile
1815, 7, 26, 255, 1, 5, 6, 11, 255, 0, 0, 14, 19, 147, 254, 83,Fail truck bird
1815, 4, 25, 255, 5, 66, 9, 18, 0, 219, 255, 9, 22, 8, 242, 255,Fail truck cat
1815, 18, 23, 0, 5, 174, 18, 17, 0, 21, 179, 14, 20, 26, 255, 0,Fail truck deer
1815, 14, 18, 0, 2, 214, 3, 12, 255, 0, 0, 3, 23, 254, 0, 0,Fail truck dog
1815, 16, 16, 0, 226, 0, 18, 22, 0, 0, 135, 14, 21, 52, 158, 0,Fail truck frog
1815, 6, 22, 0, 57, 239, 14, 20, 0, 16, 109, 10, 17, 122, 46, 33,Fail truck horse
1815, 16, 15, 93, 2, 2, 13, 18, 227, 149, 0, 23, 12, 255, 0, 254,Fail truck ship
6274, 14, 21, 21, 255, 2, 10, 5, 9, 252, 252, 14, 7, 10, 248, 255,Fail truck airplane
6274, 20, 17, 0, 21, 25, 22, 12, 9, 244, 254, 13, 12, 5, 254, 254,Fail truck automobile
6274, 20, 17, 0, 1, 255, 3, 16, 0, 0, 212, 20, 12, 76, 0, 250,Fail truck bird
6274, 27, 25, 252, 4, 254, 7, 28, 254, 12, 56, 9, 26, 16, 252, 251,Fail truck cat
6274, 30, 15, 61, 181, 254, 29, 11, 29, 227, 252, 29, 7, 0, 254, 191,Fail truck deer
6274, 22, 14, 251, 38, 188, 3, 7, 222, 49, 166, 20, 18, 11, 44, 234,Fail truck dog
6274, 27, 24, 0, 255, 0, 13, 18, 1, 254, 180, 10, 27, 0, 253, 253,Fail truck frog
6274, 30, 9, 16, 208, 255, 28, 9, 31, 255, 204, 13, 12, 0, 255, 255,Fail truck horse
6274, 29, 12, 252, 0, 1, 30, 4, 1, 193, 206, 27, 25, 239, 3, 206,Fail truck ship
