990, 104, 26, 107, 154, 227, 141, 173, 244, 108, 158, 86, 157, 8, 230, 153, 73, 196, 54, 241, 101, 87, 72, 23, 127, 38,Success n03272010 5
228,Success Mispredict n04254777 n02102973
82,Success Mispredict n03776460 n01806567
779,Success Mispredict n02815834 n04131690
618, 165, 134, 159, 201, 107, 86, 53, 233, 206, 94, 150, 77, 210, 226, 243, 153, 95, 54, 21, 73, 115, 75, 141, 182, 122,Fail n03697007
948, 155, 73, 194, 196, 242, 145, 62, 199, 231, 254, 90, 14, 230, 169, 14, 89, 162, 96, 179, 134, 106, 36, 186, 131, 161,Fail n07754684
685, 124, 25, 149, 174, 197, 65, 76, 5, 70, 55, 106, 28, 234, 229, 164, 96, 141, 128, 2, 5, 116, 62, 138, 180, 153,Fail n03895866
832,Success Mispredict n04599235 n04344873
897,Success Mispredict n03887697 n04579145
256, 54, 78, 5, 32, 102, 126, 126, 15, 134, 52, 88, 127, 190, 157, 138, 53, 184, 239, 253, 216, 132, 110, 123, 80, 45,Fail n02110185
528,Success Mispredict n04505470 n03220513
991, 88, 109, 121, 7, 127, 174, 35, 61, 127, 37, 70, 144, 227, 130, 109, 73, 55, 196, 193, 161, 69, 113, 21, 254, 47,Success n04591713 0
580, 153, 70, 6, 59, 133, 119, 207, 226, 225, 142, 140, 166, 156, 143, 220, 164, 90, 34, 3, 58, 113, 159, 16, 29, 144,Fail n03495258
921,Success Mispredict n04596742 n07590611
345,Success Mispredict n02492035 n02398521
319, 17, 118, 1, 11, 1, 7, 76, 102, 61, 102, 96, 203, 6, 89, 82, 176, 117, 201, 93, 119, 187, 83, 202, 144, 173,Fail n02256656
206,Success Mispredict n02097209 n02097130
35,Success Mispredict n01667778 n01667114
517, 1, 86, 35, 56, 152, 52, 58, 112, 183, 123, 27, 166, 191, 252, 177, 150, 125, 125, 232, 65, 125, 55, 233, 24, 52,Success n02979186 0
384,Success Mispredict n02113978 n02504013
918, 153, 54, 5, 19, 15, 217, 206, 88, 123, 154, 223, 83, 153, 121, 228, 75, 61, 6, 129, 23, 153, 35, 37, 8, 4,Fail n07579787
717, 178, 62, 60, 28, 71, 123, 90, 147, 87, 80, 152, 86, 124, 69, 33, 38, 122, 181, 26, 162, 138, 94, 127, 2, 22,Fail n03991062
584,Success Mispredict n03179701 n03529860
207,Success Mispredict n02110063 n02097209
385,Success Mispredict n02843684 n02504458
955,Success Mispredict n07695742 n07871810
209, 105, 87, 175, 169, 213, 122, 79, 172, 151, 148, 105, 75, 176, 238, 179, 119, 65, 245, 90, 165, 122, 91, 217, 204, 153,Fail n02097658
521, 50, 46, 140, 188, 94, 106, 185, 41, 102, 44, 186, 50, 13, 3, 162, 106, 46, 77, 29, 49, 73, 19, 77, 173, 97,Fail n03197337
524,Success Mispredict n02094258 n03207941
250,Success Mispredict n02112350 n02108551
652,Success Mispredict n06874185 n03791053
495,Success Mispredict n04070727 n03063599
624,Success Mispredict n02877765 n03717622
624,Success Mispredict n02877765 n03717622
424, 170, 130, 96, 202, 16, 11, 120, 201, 13, 53, 22, 103, 99, 35, 179, 47, 212, 31, 84, 95, 49, 113, 190, 164, 145,Success n03871628 0
636,Success Mispredict n03733805 n03764736
612, 38, 98, 242, 66, 97, 19, 103, 27, 10, 35, 149, 60, 48, 56, 9, 28, 58, 81, 10, 165, 141, 162, 136, 103, 67,Fail n03673027
372, 114, 57, 42, 171, 83, 122, 145, 188, 245, 180, 105, 86, 246, 141, 220, 132, 90, 156, 46, 110, 94, 77, 231, 187, 156,Fail n02486410
411, 20, 136, 209, 176, 135, 165, 117, 140, 223, 24, 21, 48, 163, 38, 150, 39, 180, 92, 7, 69, 80, 47, 122, 228, 199,Fail n02776631
737, 64, 179, 168, 91, 210, 180, 94, 126, 243, 206, 141, 145, 9, 144, 177, 207, 199, 8, 98, 33, 1, 220, 66, 228, 162,Success n01833805 0
215,Success Mispredict n02342885 n02099601
41, 142, 116, 255, 145, 154, 58, 146, 154, 188, 101, 91, 203, 238, 188, 142, 140, 75, 244, 250, 198, 55, 56, 151, 83, 66,Fail n01687978
241,Success Mispredict n02107312 n02106550
283, 85, 147, 125, 140, 87, 161, 103, 142, 239, 252, 157, 114, 10, 92, 30, 184, 63, 155, 253, 216, 169, 76, 247, 239, 242,Fail n02119789
834,Success Mispredict n02966687 n04347754
767, 59, 79, 127, 162, 117, 178, 114, 6, 64, 177, 35, 28, 13, 97, 207, 20, 73, 135, 93, 67, 210, 202, 134, 243, 76,Success n03337140 0
766, 76, 177, 241, 150, 87, 185, 66, 93, 21, 94, 157, 54, 30, 7, 159, 216, 117, 4, 10, 191, 146, 70, 135, 10, 56,Fail n04069434
834,Success Mispredict n02966687 n04347754
921,Success Mispredict n04596742 n07590611
393, 118, 141, 243, 185, 132, 106, 140, 142, 233, 237, 73, 115, 232, 228, 178, 109, 127, 96, 232, 249, 153, 138, 182, 17, 108,Fail n02640242
177,Success Mispredict n02090622 n02089973
972,Success Mispredict n09246464 n09472597
519,Success Mispredict n03026506 n03188531
12, 217, 80, 68, 142, 223, 77, 120, 248, 242, 231, 164, 40, 140, 38, 123, 97, 118, 138, 20, 100, 129, 55, 126, 184, 155,Success n12057211 19
65, 182, 157, 181, 22, 146, 105, 130, 65, 190, 89, 130, 115, 108, 13, 77, 125, 77, 236, 1, 238, 104, 181, 42, 84, 47,Fail n01755581
687, 165, 49, 35, 138, 96, 216, 34, 169, 238, 103, 96, 172, 215, 32, 4, 64, 191, 62, 69, 146, 123, 115, 173, 211, 250,Success n02977058 0
7,Success Mispredict n01978287 n01498041
93, 95, 92, 1, 44, 66, 118, 80, 138, 167, 210, 71, 52, 14, 64, 23, 75, 84, 26, 29, 100, 85, 88, 14, 99, 119,Fail n01843383
953, 59, 140, 37, 34, 46, 120, 62, 65, 12, 85, 34, 139, 25, 19, 152, 132, 127, 138, 5, 186, 48, 131, 104, 81, 39,Fail n07836838
242,Success Mispredict n02088466 n02106662
687, 134, 15, 78, 227, 250, 142, 203, 158, 146, 26, 203, 45, 111, 116, 187, 135, 104, 55, 150, 27, 106, 163, 78, 227, 111,Success n02977058 0
231,Success Mispredict n02442845 n02105056
591,Success Mispredict n04590129 n03584829
320, 137, 112, 52, 235, 103, 62, 171, 123, 136, 186, 29, 121, 79, 24, 76, 128, 162, 191, 208, 2, 102, 132, 189, 14, 21,Fail n02259212
878,Success Mispredict n04380533 n04509417
832,Success Mispredict n04599235 n04344873
233,Success Mispredict n02091467 n02105251
408,Success Mispredict n03938244 n02730930
459, 135, 131, 9, 83, 161, 93, 153, 99, 187, 85, 132, 154, 23, 22, 47, 124, 154, 154, 142, 130, 107, 61, 190, 171, 216,Success n06874185 39
72,Success Mispredict n01773549 n01773797
318, 28, 79, 194, 235, 246, 31, 70, 118, 226, 183, 146, 12, 216, 219, 151, 117, 169, 174, 99, 120, 115, 205, 61, 114, 211,Fail n02236044
278,Success Mispredict n02114712 n02115641
848,Success Mispredict n02978881 n04392985
378,Success Mispredict n02492660 n02492035
920,Success Mispredict n01737021 n07584110
272,Success Mispredict n02100236 n02113799
650,Success Mispredict n03877845 n03788195
731, 76, 200, 84, 194, 203, 102, 92, 240, 244, 183, 64, 105, 106, 31, 178, 150, 59, 70, 181, 159, 168, 176, 224, 60, 180,Fail n03461385
914,Success Mispredict n03857828 n06794110
945,Success Mispredict n02490219 n07753113
764,Success Mispredict n03776460 n04065272
556,Success Mispredict n02704792 n03417042
188, 158, 102, 252, 253, 248, 126, 187, 27, 168, 189, 184, 95, 128, 154, 95, 184, 93, 82, 133, 201, 156, 84, 253, 236, 165,Fail n02092339
572, 146, 163, 243, 160, 110, 37, 150, 106, 38, 81, 157, 177, 246, 175, 175, 154, 156, 230, 157, 252, 102, 122, 106, 119, 127,Fail n03478589
571,Success Mispredict n02870880 n03476991
425,Success Mispredict n03134739 n02802426
255, 118, 106, 63, 207, 62, 0, 113, 233, 45, 206, 171, 19, 142, 254, 209, 140, 176, 252, 19, 77, 9, 7, 119, 111, 208,Success n03134739 7
694, 69, 116, 123, 126, 179, 154, 143, 205, 191, 223, 210, 28, 229, 172, 147, 37, 44, 214, 185, 158, 199, 190, 243, 169, 221,Fail n03929660
256, 121, 122, 8, 17, 3, 109, 131, 164, 22, 22, 91, 119, 194, 193, 211, 129, 108, 14, 77, 114, 115, 135, 183, 176, 118,Success n02109961 68
449, 198, 30, 159, 155, 144, 201, 129, 121, 219, 169, 196, 95, 242, 255, 109, 186, 191, 179, 246, 192, 189, 53, 182, 140, 223,Fail n02877765
716,Success Mispredict n02783161 n03983396
761,Success Mispredict n03777754 n04041544
310,Success Mispredict n01632777 n02177972
162, 210, 40, 125, 171, 153, 158, 118, 137, 111, 253, 186, 48, 166, 196, 205, 125, 192, 185, 126, 254, 121, 31, 253, 249, 105,Fail n02085620
925, 149, 166, 207, 159, 202, 92, 53, 239, 12, 188, 187, 173, 73, 28, 221, 207, 190, 138, 67, 155, 204, 208, 229, 219, 249,Fail n07693725
987,Success Mispredict n03047690 n13044778
545,Success Mispredict n03290653 n03347037
806, 105, 166, 30, 69, 36, 76, 99, 114, 210, 222, 159, 156, 80, 8, 13, 108, 180, 110, 18, 98, 150, 126, 5, 5, 24,Fail n04252225
699, 78, 125, 228, 204, 246, 91, 18, 196, 184, 163, 152, 180, 115, 108, 119, 28, 113, 246, 16, 35, 51, 127, 12, 4, 110,Fail n03935335
931, 171, 135, 54, 75, 55, 135, 180, 45, 9, 112, 159, 180, 64, 42, 100, 136, 52, 67, 135, 156, 153, 185, 81, 112, 84,Fail n07714990
138, 107, 13, 55, 164, 175, 176, 134, 165, 189, 212, 142, 144, 44, 1, 111, 140, 86, 22, 225, 206, 122, 83, 33, 72, 183,Fail n01990800
801, 98, 80, 94, 103, 139, 131, 63, 153, 91, 145, 145, 65, 133, 201, 140, 158, 76, 116, 111, 98, 141, 41, 146, 165, 104,Fail n04238763
247,Success Mispredict n02087046 n02108000
956, 139, 130, 219, 172, 122, 206, 205, 253, 123, 122, 139, 145, 232, 111, 60, 182, 142, 174, 9, 0, 63, 123, 96, 131, 32,Fail n07873807
75,Success Mispredict n01774750 n01775062
200,Success Mispredict n02093991 n02096051
2, 136, 15, 236, 191, 144, 55, 41, 109, 117, 86, 87, 90, 236, 147, 161, 140, 150, 190, 177, 228, 122, 29, 212, 127, 101,Fail n01443537
528,Success Mispredict n04505470 n03220513
218, 162, 156, 193, 79, 206, 92, 66, 175, 253, 201, 134, 66, 209, 204, 153, 137, 78, 148, 132, 247, 146, 71, 160, 148, 204,Fail n02100236
654,Success Mispredict n02879718 n03792972
59,Success Mispredict n07871810 n01742172
670,Success Mispredict n02667093 n03866082
345,Success Mispredict n02492035 n02398521
611, 74, 84, 83, 226, 115, 160, 85, 70, 231, 149, 80, 79, 45, 221, 177, 137, 12, 1, 30, 242, 105, 65, 255, 78, 64,Success n03895866 3
273, 201, 87, 41, 85, 190, 144, 33, 243, 75, 112, 107, 190, 136, 190, 70, 24, 105, 220, 145, 138, 201, 38, 171, 251, 171,Success n02091032 54
351,Success Mispredict n02422699 n02417914
890,Success Mispredict n04591157 n04548362
823,Success Mispredict n04153751 n04311004
431,Success Mispredict n04336792 n02814533
7,Success Mispredict n01978287 n01498041
934, 1, 114, 174, 80, 210, 75, 9, 81, 81, 157, 26, 44, 79, 15, 26, 85, 53, 13, 82, 143, 33, 68, 161, 59, 31,Success n07749582 0
790, 60, 133, 149, 126, 197, 57, 136, 215, 253, 210, 104, 165, 220, 251, 219, 122, 181, 150, 179, 245, 110, 176, 142, 189, 198,Fail n04162706
435, 168, 76, 176, 192, 169, 144, 187, 186, 234, 155, 193, 16, 191, 193, 174, 102, 137, 88, 239, 102, 182, 188, 114, 252, 113,Success n03983396 7
81, 125, 84, 83, 223, 242, 160, 225, 196, 215, 197, 71, 71, 233, 254, 135, 113, 128, 49, 161, 45, 124, 109, 4, 203, 222,Fail n01806143
448,Success Mispredict n03874293 n02871525
401,Success Mispredict n03240683 n02687172
933, 134, 49, 109, 174, 75, 198, 180, 248, 242, 134, 100, 100, 246, 254, 254, 9, 124, 82, 234, 242, 127, 107, 141, 126, 207,Fail n07716358
524,Success Mispredict n02094258 n03207941
90,Success Mispredict n02128385 n01829413
956, 103, 111, 83, 206, 81, 160, 180, 12, 95, 65, 183, 96, 194, 191, 197, 124, 185, 176, 144, 245, 207, 208, 219, 255, 253,Fail n07873807
477,Success Mispredict n04392985 n02988304
521, 57, 24, 155, 116, 157, 30, 32, 46, 30, 125, 92, 34, 4, 4, 92, 113, 46, 8, 94, 44, 139, 62, 17, 100, 17,Fail n03197337
562,Success Mispredict n09332890 n03445924
139, 85, 134, 138, 113, 147, 65, 103, 96, 245, 148, 105, 100, 34, 28, 126, 135, 116, 17, 28, 15, 19, 133, 68, 113, 80,Fail n02002556
633,Success Mispredict n04380533 n03759954
472, 184, 176, 158, 161, 18, 10, 219, 106, 131, 65, 50, 112, 32, 115, 63, 114, 40, 75, 23, 164, 132, 151, 127, 81, 16,Success n02096585 0
289,Success Mispredict n02356798 n02124075
446,Success Mispredict n02113978 n02869837
927, 159, 168, 124, 61, 113, 118, 19, 71, 103, 33, 130, 112, 129, 250, 71, 171, 105, 133, 22, 21, 180, 98, 28, 73, 50,Fail n07697313
304, 121, 107, 255, 191, 214, 121, 185, 184, 243, 189, 119, 93, 224, 193, 155, 182, 66, 243, 124, 136, 142, 76, 209, 138, 209,Fail n02165456
473, 108, 146, 9, 6, 6, 82, 145, 179, 119, 58, 97, 114, 193, 81, 117, 74, 49, 56, 108, 74, 74, 62, 116, 146, 64,Fail n02977058
155, 104, 116, 85, 36, 44, 165, 85, 140, 80, 149, 113, 112, 158, 228, 181, 118, 118, 46, 182, 194, 115, 123, 194, 245, 235,Fail n02051845
884, 138, 113, 184, 136, 128, 202, 35, 149, 179, 120, 71, 54, 128, 77, 119, 61, 25, 209, 201, 173, 199, 39, 99, 248, 239,Success n07892512 14
909, 76, 63, 33, 183, 88, 92, 82, 2, 44, 114, 85, 62, 60, 133, 77, 58, 80, 69, 34, 28, 81, 191, 8, 15, 132,Fail n04612504
492, 69, 199, 212, 144, 163, 78, 197, 245, 219, 239, 137, 62, 217, 199, 182, 109, 157, 180, 132, 107, 73, 187, 149, 195, 170,Fail n03042490
569, 96, 138, 217, 249, 244, 63, 213, 68, 222, 114, 37, 177, 235, 211, 163, 71, 26, 255, 100, 207, 86, 8, 135, 210, 118,Success n04179913 0
464,Success Mispredict n02510455 n02950826
799,Success Mispredict n09193705 n04228054
602, 81, 122, 71, 42, 142, 209, 27, 220, 180, 180, 154, 114, 42, 152, 205, 73, 87, 186, 128, 21, 82, 112, 115, 88, 74,Success n15075141 68
595,Success Mispredict n03630383 n03595614
