5302, 30, 11, 223, 149, 118, 6, 22, 99, 26, 61, 16, 12, 80, 232, 215, 25, 20, 201, 107, 114, 27, 14, 209, 59, 141,Success bird 0
2369, 23, 6, 22, 2, 214, 9, 4, 77, 126, 3, 27, 18, 152, 111, 113, 7, 11, 2, 132, 175, 7, 21, 11, 111, 160,Success frog 88
7277, 14, 2, 0, 167, 35, 10, 18, 5, 57, 18, 18, 19, 154, 7, 211, 13, 9, 217, 9, 118, 22, 19, 108, 40, 208,Success frog 28
8940, 7, 18, 27, 207, 228, 15, 12, 76, 17, 7, 15, 21, 125, 74, 170, 16, 14, 175, 235, 138, 25, 28, 83, 167, 176,Success ship 12
5643, 14, 9, 42, 209, 8, 19, 3, 202, 179, 81, 16, 17, 114, 242, 84, 14, 22, 136, 249, 67, 12, 12, 130, 225, 31,Success frog 57
3484, 26, 18, 220, 20, 155, 20, 12, 91, 26, 96, 16, 10, 249, 49, 140, 19, 27, 33, 170, 189, 5, 16, 232, 119, 55,Success cat 12
8474, 25, 15, 123, 64, 180, 9, 10, 211, 0, 54, 22, 23, 36, 252, 248, 9, 11, 222, 11, 20, 23, 17, 130, 254, 189,Success bird 87
5896, 27, 1, 92, 144, 38, 17, 16, 7, 231, 27, 28, 25, 233, 95, 193, 26, 23, 36, 161, 24, 15, 29, 64, 254, 24,Success truck 0
7632, 16, 23, 181, 77, 185, 29, 14, 121, 201, 85, 11, 28, 201, 41, 187, 28, 24, 59, 164, 101, 15, 26, 103, 129, 147,Success deer 19
1510, 25, 11, 61, 248, 69, 17, 26, 191, 20, 203, 28, 11, 117, 89, 81, 16, 17, 42, 91, 143, 16, 3, 114, 37, 69,Success airplane 0
6458, 15, 19, 96, 245, 139, 3, 20, 167, 152, 225, 5, 10, 0, 51, 181, 18, 1, 155, 150, 51, 21, 7, 53, 40, 78,Success frog 3
9815, 10, 18, 55, 184, 71, 6, 25, 197, 83, 181, 11, 8, 114, 241, 146, 2, 6, 9, 192, 81, 7, 16, 45, 118, 211,Success cat 1
2189, 3, 6, 195, 122, 88, 19, 27, 49, 123, 75, 7, 10, 100, 195, 134, 27, 14, 22, 48, 154, 16, 22, 244, 176, 182,Fail bird
9360, 4, 30, 196, 137, 191, 26, 28, 239, 6, 30, 26, 8, 44, 73, 58, 2, 9, 122, 119, 86, 28, 5, 243, 120, 30,Success airplane 0
8113, 8, 10, 252, 103, 180, 12, 10, 243, 129, 88, 19, 10, 17, 183, 232, 11, 21, 3, 223, 232, 30, 18, 121, 107, 173,Fail frog
1235, 17, 1, 69, 203, 113, 21, 13, 100, 34, 25, 7, 17, 232, 167, 10, 17, 18, 9, 83, 68, 24, 7, 53, 46, 15,Success cat 0
7765, 28, 22, 28, 240, 243, 27, 10, 30, 222, 237, 27, 28, 35, 56, 50, 20, 21, 61, 239, 122, 29, 10, 41, 83, 254,Success airplane 1
4392, 8, 21, 74, 199, 143, 5, 20, 244, 220, 97, 12, 11, 244, 85, 228, 21, 7, 204, 73, 196, 24, 18, 134, 108, 127,Success cat 22
126, 15, 9, 217, 27, 109, 17, 7, 96, 252, 46, 30, 14, 165, 205, 71, 26, 4, 215, 220, 131, 22, 21, 237, 160, 210,Success airplane 0
3753,Success Mispredict
6596,Success Mispredict
8116, 21, 25, 167, 178, 86, 8, 21, 164, 78, 248, 28, 18, 58, 43, 143, 18, 17, 62, 206, 67, 31, 6, 14, 2, 115,Success airplane 26
6354,Success Mispredict
5853, 24, 12, 96, 7, 20, 10, 14, 7, 87, 134, 10, 1, 226, 191, 115, 22, 9, 24, 89, 36, 14, 16, 139, 169, 166,Success cat 5
3856, 30, 17, 6, 147, 145, 15, 7, 96, 230, 226, 18, 11, 81, 124, 202, 17, 15, 62, 142, 207, 29, 7, 76, 134, 184,Success automobile 40
6008,Success Mispredict
332, 29, 2, 177, 48, 6, 2, 6, 155, 142, 203, 26, 12, 30, 118, 191, 29, 27, 192, 55, 102, 31, 3, 18, 78, 131,Success bird 0
5154,Success Mispredict
8060, 10, 25, 169, 224, 134, 11, 6, 241, 171, 243, 11, 19, 2, 254, 247, 16, 14, 14, 254, 174, 7, 16, 246, 207, 210,Fail frog
6130, 7, 23, 214, 166, 64, 7, 4, 10, 11, 110, 21, 19, 133, 207, 92, 4, 2, 184, 13, 177, 24, 11, 142, 88, 155,Success truck 0
8013, 4, 13, 221, 162, 176, 23, 26, 116, 76, 92, 21, 17, 141, 133, 153, 26, 8, 214, 188, 101, 20, 6, 190, 116, 52,Success airplane 1
4555,Success Mispredict
1540, 6, 21, 234, 134, 126, 26, 24, 98, 147, 243, 8, 10, 50, 58, 22, 1, 6, 201, 208, 76, 28, 13, 249, 101, 105,Success airplane 7
1422,Success Mispredict
8732, 28, 26, 53, 18, 127, 24, 6, 218, 78, 251, 24, 23, 15, 243, 232, 27, 10, 181, 220, 222, 17, 23, 133, 84, 28,Success automobile 0
7790, 13, 23, 171, 2, 158, 25, 21, 57, 112, 192, 15, 19, 53, 37, 91, 11, 4, 205, 94, 69, 3, 28, 124, 104, 227,Success airplane 0
394, 0, 18, 236, 45, 63, 7, 11, 222, 203, 106, 24, 28, 205, 125, 93, 2, 28, 230, 51, 44, 11, 17, 14, 202, 243,Success automobile 0
4614,Success Mispredict
213,Success Mispredict
4409, 26, 21, 7, 73, 122, 9, 30, 192, 48, 252, 12, 10, 116, 100, 247, 7, 21, 171, 35, 75, 24, 11, 83, 115, 6,Success automobile 0
7763,Success Mispredict
9927, 5, 9, 2, 132, 183, 20, 10, 84, 23, 66, 18, 25, 98, 19, 228, 17, 15, 124, 55, 90, 19, 19, 44, 182, 110,Success ship 20
8953, 3, 25, 108, 6, 68, 22, 11, 253, 217, 107, 4, 9, 117, 46, 104, 10, 17, 243, 103, 173, 11, 3, 69, 33, 202,Fail truck
5207, 17, 24, 224, 159, 110, 22, 15, 208, 221, 49, 4, 19, 254, 15, 73, 29, 9, 114, 24, 85, 20, 17, 129, 70, 190,Success automobile 0
5320, 22, 12, 123, 198, 166, 28, 29, 13, 107, 5, 3, 26, 5, 120, 2, 23, 21, 190, 72, 197, 12, 26, 165, 136, 107,Success dog 0
4287, 30, 4, 56, 83, 122, 3, 10, 29, 16, 155, 4, 14, 219, 234, 180, 27, 5, 8, 72, 27, 1, 13, 239, 219, 161,Success deer 0
8375, 8, 12, 72, 68, 154, 23, 7, 87, 141, 165, 9, 15, 29, 212, 24, 14, 24, 222, 145, 51, 15, 12, 243, 230, 196,Success frog 0
1061, 24, 17, 187, 31, 44, 28, 6, 95, 201, 110, 23, 18, 146, 154, 55, 16, 16, 167, 5, 229, 6, 13, 156, 129, 141,Success frog 0
2943, 26, 7, 135, 207, 130, 23, 18, 146, 250, 187, 30, 2, 189, 98, 253, 3, 26, 83, 227, 206, 25, 11, 120, 16, 236,Success truck 0
3187, 12, 11, 173, 198, 56, 23, 14, 17, 205, 126, 20, 13, 3, 51, 10, 12, 17, 124, 122, 104, 13, 31, 158, 120, 211,Success dog 9
4334, 13, 31, 154, 119, 195, 17, 11, 9, 255, 89, 26, 24, 51, 52, 239, 2, 22, 169, 71, 168, 14, 12, 74, 223, 252,Success dog 0
8033,Success Mispredict
3492, 15, 16, 96, 62, 181, 9, 21, 83, 2, 220, 13, 23, 18, 184, 129, 17, 9, 102, 239, 220, 18, 8, 180, 247, 157,Success automobile 71
3196, 1, 15, 189, 84, 116, 14, 7, 229, 238, 138, 7, 21, 15, 30, 41, 4, 22, 19, 43, 43, 31, 31, 153, 158, 173,Fail horse
8365, 23, 31, 156, 55, 208, 18, 18, 26, 222, 178, 18, 14, 8, 43, 121, 6, 18, 242, 5, 54, 12, 8, 254, 249, 0,Fail frog
1836, 17, 10, 124, 11, 19, 9, 14, 28, 201, 133, 5, 14, 247, 32, 167, 19, 8, 247, 189, 95, 26, 31, 216, 127, 139,Success cat 29
1380, 7, 18, 48, 93, 218, 17, 6, 21, 252, 160, 7, 2, 42, 52, 240, 13, 17, 238, 21, 3, 26, 19, 162, 78, 70,Success cat 0
2062, 28, 1, 62, 66, 39, 24, 13, 90, 100, 162, 17, 31, 213, 25, 214, 25, 11, 11, 244, 75, 12, 10, 78, 25, 21,Success dog 0
6286, 23, 7, 20, 147, 128, 7, 16, 151, 220, 108, 25, 29, 238, 175, 114, 28, 16, 135, 181, 154, 16, 26, 110, 198, 60,Success automobile 2
2923,Success Mispredict
2404, 11, 18, 254, 95, 123, 26, 8, 233, 127, 226, 9, 28, 71, 153, 154, 19, 13, 31, 23, 225, 6, 14, 30, 71, 226,Success horse 0
4129, 3, 22, 108, 215, 253, 12, 22, 54, 125, 186, 16, 21, 148, 16, 139, 14, 19, 18, 131, 199, 26, 28, 100, 44, 153,Success truck 17
4997, 5, 26, 12, 36, 99, 5, 7, 80, 160, 87, 30, 20, 179, 248, 224, 10, 5, 137, 253, 102, 28, 27, 238, 145, 81,Success frog 0
9793,Success Mispredict
575, 15, 17, 10, 180, 235, 16, 11, 40, 53, 158, 13, 6, 165, 253, 194, 27, 25, 21, 213, 223, 12, 13, 14, 99, 246,Success bird 65
8668, 18, 23, 179, 57, 22, 10, 16, 164, 86, 107, 6, 25, 204, 214, 213, 19, 13, 33, 73, 118, 13, 9, 21, 18, 182,Success frog 43
5594, 17, 4, 79, 59, 153, 3, 20, 116, 158, 18, 21, 18, 2, 157, 224, 18, 16, 161, 247, 69, 17, 12, 26, 116, 29,Success automobile 57
7494, 18, 10, 40, 28, 53, 15, 11, 32, 138, 119, 7, 20, 207, 248, 213, 9, 28, 141, 219, 254, 23, 13, 5, 46, 110,Success dog 49
1373,Success Mispredict
9038, 21, 19, 157, 227, 233, 1, 9, 1, 42, 99, 13, 16, 16, 51, 160, 27, 17, 87, 18, 120, 23, 14, 8, 35, 145,Success deer 12
816, 10, 8, 199, 228, 109, 9, 9, 232, 124, 245, 10, 6, 240, 148, 194, 11, 5, 99, 215, 234, 9, 13, 225, 99, 121,Fail truck
2354, 8, 22, 106, 37, 176, 6, 20, 64, 113, 17, 27, 13, 186, 128, 248, 27, 23, 137, 62, 168, 4, 6, 39, 122, 181,Success truck 43
7567, 15, 12, 218, 99, 231, 19, 26, 214, 120, 197, 23, 5, 216, 119, 254, 21, 12, 145, 197, 232, 11, 22, 245, 128, 135,Success truck 67
8933, 14, 12, 10, 13, 162, 18, 20, 247, 222, 185, 10, 13, 22, 135, 25, 0, 23, 200, 212, 167, 7, 2, 116, 88, 125,Success dog 3
9375,Success Mispredict
4425, 26, 12, 56, 71, 16, 6, 14, 36, 97, 110, 24, 10, 82, 153, 223, 25, 20, 205, 116, 222, 25, 0, 150, 216, 22,Success truck 8
5, 10, 18, 162, 235, 157, 7, 13, 11, 166, 252, 7, 24, 52, 146, 238, 23, 9, 210, 43, 213, 22, 21, 201, 187, 148,Success cat 56
8057, 12, 20, 252, 212, 155, 27, 29, 47, 100, 127, 2, 28, 104, 250, 116, 9, 4, 172, 249, 107, 14, 22, 174, 107, 68,Success cat 2
9032, 18, 22, 165, 196, 2, 28, 4, 7, 1, 183, 16, 14, 167, 191, 89, 30, 12, 2, 6, 128, 10, 12, 201, 120, 57,Success airplane 0
5849,Success Mispredict
6154, 14, 10, 90, 237, 244, 22, 18, 23, 113, 39, 25, 24, 122, 8, 41, 1, 17, 143, 68, 77, 9, 16, 246, 91, 137,Success horse 1
8445, 15, 9, 34, 59, 255, 19, 22, 5, 164, 10, 26, 12, 16, 1, 38, 30, 14, 104, 7, 41, 17, 17, 141, 11, 41,Fail automobile
6435, 21, 24, 6, 114, 223, 22, 19, 82, 39, 117, 20, 15, 24, 56, 100, 5, 21, 255, 64, 35, 21, 10, 23, 160, 61,Success automobile 47
8764, 16, 25, 180, 45, 223, 16, 19, 62, 142, 98, 13, 16, 194, 204, 84, 17, 16, 5, 17, 70, 18, 22, 77, 168, 145,Success ship 6
2790, 14, 19, 141, 215, 143, 3, 1, 95, 167, 86, 7, 14, 10, 33, 246, 19, 23, 54, 78, 115, 15, 27, 175, 149, 164,Success airplane 4
3742, 8, 11, 187, 157, 120, 3, 27, 91, 140, 7, 9, 14, 235, 199, 121, 18, 15, 0, 91, 131, 19, 14, 98, 0, 175,Fail truck
1773, 31, 30, 69, 137, 191, 10, 10, 76, 216, 203, 19, 20, 131, 23, 34, 17, 7, 60, 139, 209, 16, 30, 97, 94, 189,Success cat 34
1064, 16, 12, 162, 255, 203, 17, 9, 194, 116, 17, 24, 22, 98, 101, 190, 18, 25, 117, 121, 218, 16, 15, 178, 114, 184,Success cat 18
5513, 21, 14, 110, 137, 165, 13, 20, 196, 11, 94, 11, 13, 200, 25, 102, 15, 10, 2, 203, 224, 13, 21, 255, 80, 23,Fail frog
4340, 14, 12, 230, 15, 34, 24, 4, 47, 121, 15, 23, 15, 42, 221, 200, 14, 17, 203, 64, 8, 11, 6, 142, 6, 11,Fail airplane
1440,Success Mispredict
4960, 10, 22, 94, 165, 126, 15, 14, 83, 135, 224, 19, 20, 196, 128, 217, 13, 9, 222, 151, 41, 14, 20, 237, 132, 163,Success cat 27
3921, 30, 19, 80, 24, 131, 4, 21, 236, 52, 150, 5, 9, 229, 130, 203, 8, 18, 25, 35, 29, 22, 2, 26, 214, 180,Success ship 0
2334, 27, 25, 230, 72, 75, 10, 15, 185, 128, 72, 25, 28, 3, 100, 204, 25, 14, 142, 1, 204, 24, 23, 129, 43, 176,Success truck 2
2565, 17, 28, 145, 193, 240, 13, 30, 110, 46, 236, 10, 20, 108, 73, 94, 17, 30, 132, 122, 249, 8, 24, 112, 3, 236,Success dog 0
6366, 8, 5, 137, 128, 168, 5, 9, 16, 104, 64, 11, 0, 228, 221, 1, 21, 11, 243, 115, 166, 18, 23, 136, 139, 228,Success airplane 0
7151, 11, 15, 1, 238, 255, 15, 25, 16, 199, 210, 12, 14, 126, 117, 255, 14, 26, 80, 162, 255, 26, 6, 125, 251, 160,Fail automobile
4142, 21, 2, 241, 135, 113, 26, 8, 175, 63, 127, 21, 20, 65, 52, 143, 21, 21, 141, 112, 184, 17, 11, 7, 75, 233,Fail ship
6328, 6, 8, 114, 101, 116, 7, 7, 182, 172, 26, 20, 9, 194, 177, 53, 16, 16, 210, 63, 34, 10, 14, 222, 59, 65,Success deer 17
9394, 21, 18, 120, 103, 198, 20, 10, 62, 215, 184, 8, 14, 86, 41, 109, 3, 14, 131, 50, 161, 13, 16, 75, 219, 21,Success horse 0
9235, 21, 31, 73, 60, 55, 20, 29, 32, 228, 151, 3, 27, 153, 64, 116, 3, 24, 172, 217, 172, 21, 30, 99, 225, 246,Success cat 0
8592, 14, 17, 217, 223, 173, 3, 4, 152, 112, 29, 25, 16, 190, 126, 1, 25, 22, 186, 166, 134, 26, 4, 26, 21, 146,Fail airplane
5289, 14, 15, 146, 223, 188, 21, 22, 100, 116, 93, 8, 9, 7, 49, 139, 9, 17, 249, 127, 250, 20, 16, 111, 218, 232,Success dog 12
1482, 23, 26, 24, 239, 220, 23, 11, 126, 109, 223, 0, 24, 51, 145, 112, 31, 18, 95, 91, 170, 23, 12, 43, 173, 221,Success automobile 12
1094, 19, 13, 36, 16, 69, 13, 3, 143, 79, 198, 26, 10, 176, 2, 145, 5, 22, 141, 217, 136, 1, 23, 194, 66, 173,Success cat 0
7284, 17, 29, 245, 192, 121, 28, 26, 43, 35, 116, 1, 25, 124, 252, 204, 21, 9, 151, 192, 252, 12, 6, 79, 209, 39,Success truck 0
1733, 4, 11, 164, 162, 10, 29, 4, 248, 109, 154, 31, 29, 204, 8, 203, 4, 12, 192, 236, 12, 14, 17, 37, 3, 37,Success dog 0
4984, 4, 8, 159, 91, 90, 27, 0, 39, 205, 145, 18, 9, 221, 135, 247, 7, 21, 61, 0, 46, 4, 14, 5, 237, 105,Success dog 0
7620,Success Mispredict
7075, 11, 10, 173, 115, 230, 10, 11, 182, 136, 14, 12, 19, 255, 218, 47, 11, 18, 249, 99, 169, 19, 11, 113, 180, 195,Fail truck
9076, 15, 23, 233, 87, 113, 12, 16, 107, 240, 170, 14, 17, 34, 112, 4, 26, 15, 146, 154, 149, 15, 13, 0, 212, 242,Success cat 30
2446, 29, 14, 239, 42, 55, 13, 12, 245, 71, 139, 6, 12, 146, 147, 8, 28, 2, 205, 86, 99, 23, 4, 222, 168, 2,Success airplane 0
7430, 3, 29, 206, 232, 175, 23, 28, 79, 236, 246, 17, 13, 186, 222, 42, 22, 7, 119, 36, 57, 11, 13, 245, 243, 37,Success frog 0
5541, 11, 15, 154, 176, 108, 11, 10, 80, 112, 228, 12, 23, 47, 114, 229, 16, 14, 43, 7, 29, 28, 11, 9, 48, 195,Success airplane 3
9602, 18, 26, 202, 192, 158, 13, 25, 86, 245, 239, 8, 12, 102, 83, 10, 15, 29, 241, 152, 170, 11, 19, 47, 248, 249,Fail airplane
7815, 2, 30, 187, 201, 77, 20, 17, 192, 249, 159, 3, 20, 76, 23, 17, 12, 29, 45, 168, 113, 23, 19, 250, 35, 136,Success automobile 0
9162, 28, 4, 27, 114, 192, 29, 30, 39, 159, 126, 27, 11, 233, 236, 204, 8, 11, 66, 152, 51, 28, 18, 12, 23, 71,Success airplane 10
2471, 3, 11, 17, 57, 73, 7, 6, 7, 26, 46, 28, 23, 12, 35, 243, 23, 23, 33, 71, 29, 28, 8, 28, 21, 219,Success airplane 12
3269, 4, 12, 92, 1, 80, 15, 11, 26, 5, 18, 15, 26, 149, 8, 23, 15, 7, 45, 97, 184, 21, 17, 242, 190, 137,Fail horse
6838, 22, 22, 86, 54, 147, 16, 25, 125, 94, 194, 25, 16, 155, 7, 31, 5, 18, 0, 96, 53, 26, 14, 69, 82, 158,Success truck 17
4086, 23, 23, 91, 170, 216, 29, 23, 160, 231, 165, 21, 19, 66, 177, 241, 26, 14, 204, 52, 119, 21, 9, 1, 122, 127,Success airplane 1
3743, 4, 10, 37, 30, 125, 29, 9, 248, 124, 44, 11, 20, 14, 206, 56, 1, 16, 11, 76, 74, 6, 26, 143, 187, 69,Success dog 0
3683, 9, 26, 91, 16, 160, 13, 19, 146, 232, 53, 1, 0, 62, 232, 137, 28, 30, 76, 51, 168, 17, 18, 216, 192, 55,Success dog 0
5202, 30, 10, 86, 40, 94, 20, 22, 211, 153, 139, 18, 27, 61, 26, 25, 15, 23, 34, 63, 126, 18, 17, 107, 249, 156,Fail truck
8136, 5, 29, 238, 142, 110, 13, 13, 24, 255, 135, 22, 15, 249, 15, 27, 13, 11, 23, 233, 19, 23, 13, 15, 242, 207,Success truck 0
8631, 4, 9, 83, 106, 147, 20, 9, 225, 215, 251, 20, 22, 209, 247, 172, 7, 20, 141, 102, 94, 15, 13, 202, 227, 214,Success deer 2
1852, 10, 5, 243, 189, 114, 4, 16, 12, 225, 73, 2, 21, 231, 130, 17, 23, 23, 248, 250, 158, 12, 6, 127, 244, 93,Success truck 0
7138, 14, 10, 245, 110, 131, 4, 28, 6, 114, 24, 4, 11, 101, 29, 6, 11, 29, 199, 44, 227, 6, 30, 63, 19, 233,Success truck 0
1655, 21, 18, 249, 216, 146, 9, 5, 189, 221, 211, 29, 26, 215, 62, 48, 14, 29, 235, 189, 167, 16, 17, 55, 55, 136,Success automobile 98
8188, 10, 26, 120, 73, 22, 12, 9, 72, 22, 14, 24, 8, 48, 15, 43, 11, 4, 246, 39, 16, 10, 16, 2, 5, 57,Fail horse
4877, 7, 25, 73, 195, 245, 22, 8, 160, 16, 163, 12, 17, 0, 234, 239, 9, 13, 19, 129, 252, 12, 16, 30, 244, 235,Success bird 70
5590, 22, 13, 201, 37, 150, 26, 31, 162, 184, 230, 27, 23, 141, 242, 3, 9, 24, 178, 221, 217, 15, 31, 38, 216, 20,Success frog 0
4720, 14, 7, 226, 209, 143, 19, 19, 102, 242, 185, 12, 14, 142, 202, 141, 22, 25, 229, 173, 213, 28, 11, 233, 109, 162,Success airplane 0
492, 6, 30, 87, 66, 49, 19, 16, 105, 243, 229, 14, 3, 253, 126, 109, 16, 25, 208, 59, 3, 19, 19, 255, 139, 129,Success airplane 0
4792, 22, 16, 217, 7, 61, 27, 5, 107, 126, 195, 27, 21, 144, 172, 167, 24, 15, 78, 92, 183, 25, 18, 240, 10, 103,Fail airplane
7301, 20, 16, 28, 8, 17, 12, 11, 5, 20, 230, 11, 8, 57, 53, 113, 17, 12, 163, 117, 137, 18, 14, 185, 119, 1,Fail frog
6225, 17, 20, 93, 8, 198, 12, 12, 69, 237, 77, 7, 20, 47, 10, 51, 7, 9, 124, 72, 115, 13, 15, 130, 235, 133,Success frog 24
2968, 7, 3, 41, 172, 68, 27, 20, 133, 1, 223, 7, 24, 166, 68, 193, 2, 25, 164, 47, 38, 18, 15, 217, 228, 242,Success bird 1
7785, 30, 29, 142, 228, 1, 24, 29, 46, 191, 219, 6, 15, 23, 240, 186, 23, 13, 233, 52, 142, 31, 25, 59, 73, 239,Success frog 0
3210, 13, 7, 0, 72, 110, 18, 20, 86, 74, 65, 6, 16, 116, 121, 196, 6, 19, 123, 212, 242, 20, 14, 181, 17, 85,Success automobile 42
2363, 16, 4, 147, 195, 130, 17, 31, 222, 198, 185, 24, 23, 73, 140, 224, 20, 29, 188, 225, 216, 26, 16, 186, 22, 217,Success frog 0
2079, 22, 29, 83, 255, 47, 31, 9, 244, 29, 121, 25, 17, 112, 243, 142, 21, 25, 145, 110, 119, 26, 19, 121, 121, 9,Success bird 13
4467, 24, 27, 22, 196, 213, 10, 13, 97, 209, 172, 8, 5, 70, 57, 179, 18, 15, 94, 255, 210, 10, 13, 23, 126, 251,Success dog 2
6668, 8, 13, 184, 28, 168, 26, 13, 72, 248, 76, 25, 21, 35, 180, 128, 21, 23, 7, 191, 252, 25, 7, 0, 177, 233,Fail frog
6526, 31, 2, 29, 35, 228, 17, 27, 169, 87, 26, 22, 12, 56, 172, 78, 4, 5, 14, 89, 199, 23, 15, 202, 114, 54,Success automobile 0
9795, 29, 12, 209, 178, 246, 0, 29, 236, 92, 254, 20, 20, 142, 52, 84, 27, 16, 126, 180, 108, 9, 7, 156, 15, 6,Success cat 0
6330, 2, 22, 234, 1, 2, 24, 22, 31, 6, 50, 6, 7, 35, 119, 225, 11, 10, 15, 113, 221, 10, 10, 61, 132, 229,Fail frog
8266, 0, 0, 89, 235, 34, 14, 19, 109, 22, 253, 14, 13, 242, 78, 26, 15, 9, 54, 50, 71, 8, 0, 249, 106, 19,Success cat 0
961, 26, 23, 53, 5, 33, 30, 22, 30, 210, 156, 30, 11, 8, 171, 63, 13, 15, 203, 125, 133, 31, 20, 38, 58, 161,Success frog 0
1200, 22, 20, 38, 0, 63, 17, 21, 84, 237, 179, 29, 22, 50, 129, 93, 17, 5, 66, 128, 62, 28, 24, 177, 171, 118,Success airplane 2
