5169, 15, 8, 140, 98, 61, 21, 18, 174, 235, 248, 26, 19, 219, 246, 189, 12, 22, 246, 221, 176, 14, 27, 9, 3, 18,Success airplane 0
2816, 20, 29, 128, 66, 58, 14, 24, 33, 68, 244, 27, 27, 91, 65, 136, 29, 0, 57, 79, 31, 20, 9, 109, 2, 216,Success deer 0
9111, 13, 13, 28, 195, 39, 7, 1, 238, 125, 70, 0, 0, 128, 51, 174, 20, 15, 138, 15, 171, 30, 31, 10, 75, 201,Fail airplane
706, 13, 27, 228, 114, 17, 13, 23, 102, 105, 96, 16, 18, 141, 73, 96, 24, 13, 14, 204, 65, 21, 25, 155, 114, 102,Success airplane 0
2785, 17, 21, 207, 119, 86, 1, 3, 82, 23, 59, 7, 13, 242, 88, 16, 2, 8, 31, 182, 68, 30, 14, 196, 70, 200,Success frog 0
9475, 3, 19, 108, 159, 6, 19, 7, 24, 18, 129, 15, 22, 78, 4, 53, 30, 18, 158, 47, 117, 13, 15, 25, 239, 118,Success deer 2
4449, 19, 5, 131, 42, 205, 23, 22, 65, 133, 65, 13, 28, 78, 152, 40, 30, 21, 160, 82, 110, 30, 19, 68, 31, 58,Success airplane 0
2560, 22, 13, 3, 239, 132, 20, 10, 13, 232, 189, 14, 15, 244, 105, 153, 20, 11, 47, 30, 51, 10, 21, 77, 199, 43,Success dog 0
1717, 18, 10, 83, 11, 159, 2, 14, 201, 39, 130, 25, 26, 112, 162, 76, 11, 19, 32, 29, 32, 4, 8, 55, 40, 89,Success dog 0
5904, 3, 24, 73, 69, 57, 3, 16, 208, 71, 97, 18, 22, 236, 154, 113, 1, 11, 143, 227, 39, 26, 13, 4, 15, 83,Fail horse
613, 22, 18, 87, 47, 111, 5, 23, 73, 88, 40, 2, 2, 36, 220, 165, 3, 31, 78, 41, 188, 20, 23, 190, 52, 72,Success airplane 1
7224, 2, 19, 21, 152, 34, 16, 25, 133, 171, 88, 2, 30, 202, 236, 162, 29, 14, 68, 152, 12, 17, 27, 2, 204, 73,Success dog 3
5039, 21, 2, 193, 187, 111, 15, 10, 231, 49, 88, 13, 8, 16, 72, 24, 12, 17, 136, 227, 38, 25, 25, 206, 240, 130,Fail frog
3296, 7, 21, 249, 207, 182, 11, 12, 10, 138, 255, 17, 14, 26, 85, 72, 26, 7, 176, 61, 139, 3, 18, 253, 225, 242,Success dog 6
4314, 4, 26, 250, 166, 127, 20, 11, 182, 238, 40, 6, 19, 24, 63, 168, 20, 31, 103, 255, 98, 4, 27, 240, 150, 190,Fail automobile
6900, 15, 16, 184, 161, 249, 9, 20, 74, 37, 168, 28, 7, 84, 240, 129, 2, 27, 129, 102, 88, 14, 21, 92, 174, 234,Success dog 2
4665, 17, 1, 66, 248, 96, 11, 8, 64, 217, 214, 7, 20, 191, 61, 14, 8, 13, 192, 128, 67, 18, 24, 128, 62, 0,Success dog 0
8738, 18, 24, 159, 252, 203, 21, 26, 230, 127, 195, 20, 25, 241, 187, 190, 5, 6, 56, 63, 186, 29, 2, 9, 249, 27,Success bird 0
9446, 18, 8, 208, 41, 8, 9, 11, 142, 118, 54, 25, 8, 141, 99, 76, 23, 13, 80, 249, 107, 23, 10, 63, 57, 177,Success cat 0
1879, 24, 5, 51, 251, 198, 3, 6, 218, 188, 207, 16, 17, 98, 87, 3, 19, 16, 101, 208, 42, 31, 16, 113, 250, 118,Fail airplane
1367, 30, 31, 161, 161, 233, 23, 29, 60, 94, 174, 19, 22, 161, 23, 127, 15, 12, 219, 55, 55, 20, 17, 223, 70, 61,Fail bird
167, 29, 0, 61, 123, 45, 8, 17, 248, 228, 100, 7, 2, 115, 246, 47, 29, 22, 117, 1, 202, 29, 29, 114, 238, 46,Success frog 0
1002, 21, 19, 180, 156, 129, 15, 15, 196, 151, 165, 24, 6, 179, 222, 215, 22, 17, 86, 191, 86, 17, 24, 112, 227, 72,Success frog 0
252, 27, 24, 203, 199, 161, 6, 12, 255, 211, 185, 13, 10, 157, 156, 11, 11, 29, 186, 182, 93, 5, 14, 47, 134, 75,Fail truck
3356, 23, 25, 197, 49, 209, 7, 24, 239, 110, 191, 8, 25, 178, 218, 8, 4, 12, 194, 213, 88, 20, 11, 247, 87, 148,Success bird 0
309,Success Mispredict
1678, 0, 15, 197, 58, 235, 8, 29, 141, 157, 208, 3, 13, 204, 177, 208, 27, 26, 159, 156, 178, 11, 14, 28, 88, 35,Success airplane 0
2774, 12, 20, 30, 116, 4, 20, 9, 0, 26, 112, 5, 8, 16, 24, 2, 9, 1, 98, 111, 101, 22, 15, 19, 2, 83,Success deer 0
9771, 11, 29, 59, 87, 216, 28, 20, 243, 110, 53, 11, 21, 113, 250, 244, 23, 21, 225, 238, 255, 24, 13, 127, 100, 148,Success frog 2
4382, 17, 12, 80, 253, 15, 14, 20, 206, 224, 187, 16, 7, 242, 55, 128, 24, 17, 8, 24, 84, 13, 1, 169, 110, 228,Success frog 87
6419,Success Mispredict
3087, 28, 22, 70, 124, 235, 29, 30, 222, 75, 184, 5, 16, 144, 108, 22, 31, 9, 178, 128, 238, 7, 28, 52, 14, 20,Fail airplane
7414,Success Mispredict
3076, 14, 27, 243, 231, 61, 7, 16, 207, 216, 221, 12, 24, 121, 228, 191, 1, 10, 152, 113, 48, 9, 21, 45, 223, 56,Success frog 12
5239, 18, 19, 114, 154, 45, 15, 6, 207, 161, 134, 22, 17, 187, 219, 7, 9, 14, 202, 238, 25, 14, 8, 175, 175, 158,Success cat 0
2112, 23, 17, 226, 80, 215, 5, 15, 93, 209, 253, 25, 0, 55, 208, 167, 25, 6, 219, 151, 219, 27, 3, 113, 63, 224,Success truck 0
5745, 6, 5, 71, 105, 30, 6, 22, 0, 167, 88, 4, 16, 135, 207, 65, 6, 31, 132, 219, 55, 17, 15, 106, 233, 108,Success cat 0
804, 10, 23, 41, 172, 128, 10, 17, 215, 48, 218, 13, 16, 219, 69, 21, 18, 5, 56, 171, 242, 15, 13, 134, 223, 200,Success bird 1
6620, 17, 2, 125, 2, 117, 15, 31, 60, 20, 142, 14, 26, 96, 101, 163, 20, 24, 255, 72, 221, 23, 17, 49, 237, 14,Success airplane 0
1183, 5, 19, 227, 70, 184, 23, 27, 139, 73, 74, 2, 19, 60, 18, 0, 26, 5, 105, 177, 185, 7, 14, 117, 56, 116,Success bird 5
9156, 28, 2, 164, 59, 65, 19, 20, 211, 118, 168, 11, 16, 250, 5, 114, 9, 15, 73, 135, 103, 18, 13, 239, 7, 51,Success bird 22
6233, 0, 19, 66, 124, 185, 20, 14, 137, 232, 34, 22, 10, 7, 177, 23, 26, 23, 35, 179, 39, 13, 8, 164, 70, 152,Fail horse
8580,Success Mispredict
5587, 30, 9, 42, 94, 104, 10, 11, 64, 42, 15, 27, 28, 150, 204, 233, 13, 23, 226, 212, 187, 13, 16, 210, 5, 105,Fail airplane
5079, 18, 12, 38, 36, 218, 20, 14, 23, 59, 114, 23, 20, 114, 228, 72, 21, 0, 94, 200, 210, 11, 26, 171, 4, 176,Fail automobile
4295, 8, 14, 25, 136, 77, 25, 22, 98, 250, 60, 17, 16, 47, 63, 169, 4, 25, 42, 129, 98, 2, 27, 125, 97, 100,Success bird 1
9646, 3, 24, 53, 143, 139, 25, 13, 28, 167, 230, 20, 28, 239, 250, 9, 19, 30, 244, 115, 160, 16, 29, 208, 3, 16,Success truck 0
8020,Success Mispredict
4651, 3, 3, 121, 237, 20, 19, 24, 54, 59, 247, 2, 12, 80, 26, 153, 11, 1, 197, 78, 231, 4, 21, 118, 15, 59,Success airplane 0
1591, 30, 27, 242, 237, 156, 21, 21, 178, 40, 161, 3, 14, 114, 66, 17, 6, 24, 100, 227, 215, 1, 11, 88, 182, 130,Fail automobile
3205, 30, 16, 104, 173, 171, 28, 11, 244, 255, 139, 20, 11, 218, 5, 219, 19, 12, 51, 227, 114, 26, 20, 82, 201, 216,Success bird 2
7944, 18, 24, 48, 52, 39, 31, 29, 135, 110, 47, 26, 20, 222, 200, 176, 14, 11, 137, 226, 105, 1, 20, 40, 19, 4,Fail bird
3353, 9, 30, 161, 223, 238, 2, 26, 25, 66, 152, 0, 31, 52, 61, 143, 14, 22, 38, 6, 139, 29, 18, 55, 87, 13,Success dog 0
8031, 15, 24, 51, 4, 193, 5, 21, 222, 42, 160, 8, 18, 46, 66, 81, 10, 10, 50, 36, 77, 19, 6, 4, 60, 161,Success ship 2
7791, 16, 18, 178, 172, 42, 31, 10, 181, 82, 88, 8, 6, 230, 6, 189, 27, 14, 97, 183, 254, 24, 8, 58, 173, 35,Success bird 0
3016, 10, 25, 155, 68, 174, 15, 17, 236, 11, 2, 11, 16, 101, 225, 48, 14, 20, 232, 177, 56, 21, 16, 228, 107, 83,Success bird 59
7630, 31, 18, 46, 213, 26, 6, 18, 45, 32, 44, 20, 17, 60, 103, 145, 18, 22, 145, 202, 208, 27, 24, 109, 150, 129,Success dog 1
6593, 12, 10, 213, 222, 129, 16, 0, 135, 12, 193, 1, 6, 60, 46, 97, 13, 18, 55, 210, 245, 4, 15, 107, 108, 172,Success airplane 0
3087, 3, 29, 20, 82, 139, 3, 15, 12, 171, 3, 9, 17, 238, 40, 0, 11, 11, 81, 20, 106, 1, 20, 100, 99, 30,Fail airplane
5095, 13, 6, 178, 249, 228, 6, 25, 2, 55, 80, 26, 9, 220, 219, 65, 11, 16, 167, 240, 100, 24, 14, 166, 254, 249,Success airplane 68
3180, 5, 22, 39, 4, 238, 7, 22, 52, 13, 130, 5, 14, 109, 45, 183, 14, 20, 44, 192, 92, 16, 8, 255, 105, 41,Success dog 0
9116, 25, 26, 93, 212, 68, 10, 22, 207, 168, 186, 10, 23, 35, 76, 20, 11, 8, 254, 19, 37, 6, 13, 48, 242, 157,Success bird 0
6173, 19, 0, 70, 215, 109, 20, 31, 60, 4, 194, 30, 6, 252, 5, 214, 8, 8, 123, 188, 190, 29, 22, 123, 29, 160,Fail automobile
8671, 19, 15, 59, 167, 116, 27, 1, 72, 153, 178, 6, 5, 9, 170, 41, 28, 10, 236, 227, 203, 24, 13, 60, 230, 206,Success cat 0
9359, 7, 4, 247, 22, 239, 12, 5, 124, 52, 41, 17, 15, 229, 11, 14, 30, 3, 33, 226, 67, 9, 0, 101, 32, 63,Success bird 0
7962,Success Mispredict
7121, 19, 18, 203, 197, 70, 28, 16, 57, 58, 212, 20, 22, 83, 91, 72, 22, 16, 176, 55, 235, 3, 8, 16, 9, 181,Fail truck
4104, 5, 15, 38, 59, 155, 10, 17, 14, 123, 165, 7, 7, 203, 234, 114, 7, 19, 62, 149, 119, 23, 22, 236, 76, 36,Success cat 0
6991, 27, 10, 2, 193, 76, 21, 15, 27, 146, 254, 7, 10, 204, 8, 13, 6, 6, 4, 3, 238, 28, 11, 58, 185, 136,Fail automobile
5694, 9, 7, 25, 201, 149, 10, 27, 169, 197, 205, 10, 18, 65, 82, 54, 5, 18, 176, 128, 15, 20, 28, 187, 185, 222,Success cat 0
8360, 26, 17, 177, 33, 63, 11, 24, 116, 252, 254, 28, 6, 197, 202, 14, 16, 17, 5, 39, 9, 31, 30, 130, 240, 17,Success deer 26
4670, 25, 12, 241, 205, 59, 0, 17, 249, 237, 253, 23, 11, 38, 163, 238, 21, 3, 245, 182, 235, 28, 13, 91, 18, 85,Success airplane 3
5006,Success Mispredict
190, 15, 22, 97, 3, 28, 10, 23, 131, 183, 252, 10, 18, 47, 94, 41, 7, 8, 74, 120, 114, 1, 12, 228, 250, 136,Success deer 4
6522, 24, 26, 126, 28, 86, 20, 10, 230, 7, 74, 25, 23, 141, 18, 1, 9, 18, 224, 44, 93, 1, 8, 137, 2, 78,Success automobile 0
4948, 13, 28, 166, 11, 183, 31, 2, 135, 181, 50, 5, 19, 190, 104, 10, 19, 6, 246, 146, 27, 14, 5, 42, 183, 74,Fail automobile
2393, 25, 13, 222, 19, 46, 22, 29, 118, 161, 52, 22, 22, 75, 200, 47, 14, 22, 72, 107, 139, 12, 22, 35, 107, 101,Success truck 3
9026,Success Mispredict
6156, 27, 28, 113, 6, 144, 31, 4, 101, 90, 2, 21, 7, 213, 95, 157, 14, 10, 236, 177, 29, 22, 9, 253, 248, 184,Fail truck
6697,Success Mispredict
7547, 29, 31, 19, 121, 228, 12, 23, 73, 232, 213, 15, 19, 211, 21, 109, 4, 23, 94, 168, 177, 15, 13, 206, 243, 127,Fail truck
6971, 27, 25, 178, 105, 202, 14, 14, 103, 97, 88, 2, 4, 223, 34, 171, 29, 13, 151, 184, 215, 20, 29, 51, 209, 244,Fail truck
1192, 9, 8, 184, 226, 58, 6, 9, 196, 121, 211, 6, 14, 166, 41, 124, 0, 12, 131, 222, 217, 6, 17, 17, 24, 104,Success cat 0
1151, 20, 11, 120, 24, 83, 14, 20, 101, 158, 186, 6, 21, 237, 140, 58, 6, 24, 243, 159, 221, 19, 24, 40, 241, 237,Success frog 40
9698, 12, 16, 88, 136, 66, 22, 24, 146, 64, 55, 23, 16, 201, 77, 241, 8, 23, 217, 2, 34, 12, 8, 48, 19, 54,Success dog 8
7084, 31, 17, 134, 158, 44, 20, 5, 1, 170, 249, 0, 6, 198, 78, 204, 19, 12, 211, 250, 114, 29, 21, 169, 226, 14,Success cat 0
3677, 21, 24, 207, 26, 227, 20, 5, 214, 151, 2, 16, 20, 82, 118, 0, 1, 6, 12, 188, 228, 27, 1, 7, 131, 172,Success airplane 0
9423, 0, 24, 50, 2, 1, 6, 17, 105, 50, 40, 10, 19, 191, 245, 222, 12, 14, 141, 37, 201, 22, 18, 20, 12, 180,Success deer 0
3098, 18, 19, 154, 139, 12, 3, 10, 75, 231, 20, 16, 4, 250, 204, 140, 2, 6, 82, 226, 255, 16, 17, 53, 197, 138,Fail deer
3789,Success Mispredict
1414, 29, 18, 25, 221, 55, 17, 14, 36, 128, 221, 11, 26, 237, 78, 200, 16, 19, 56, 25, 29, 13, 18, 249, 180, 135,Success ship 2
9379, 7, 17, 82, 14, 45, 5, 11, 195, 173, 77, 6, 24, 39, 141, 32, 19, 14, 198, 198, 247, 9, 11, 105, 199, 63,Success deer 63
1266, 22, 0, 115, 199, 117, 15, 24, 58, 45, 128, 18, 17, 83, 122, 14, 12, 24, 66, 216, 15, 19, 12, 101, 101, 35,Success ship 3
5601, 12, 20, 118, 120, 232, 8, 0, 245, 155, 13, 3, 18, 1, 66, 97, 23, 9, 183, 29, 120, 17, 15, 206, 192, 31,Success cat 6
3715,Success Mispredict
4414, 14, 17, 40, 178, 240, 12, 21, 186, 69, 243, 25, 30, 30, 18, 52, 2, 0, 190, 53, 22, 23, 8, 225, 172, 153,Success dog 0
2239, 14, 9, 250, 180, 210, 19, 13, 254, 218, 251, 19, 4, 255, 21, 125, 21, 21, 64, 145, 48, 5, 19, 152, 103, 112,Success deer 0
9968, 2, 31, 207, 248, 76, 12, 11, 75, 191, 129, 27, 0, 217, 63, 0, 30, 14, 112, 55, 210, 18, 23, 106, 127, 171,Success dog 0
7377, 6, 7, 23, 122, 138, 3, 5, 81, 180, 210, 31, 6, 189, 171, 93, 27, 29, 108, 184, 39, 1, 18, 72, 213, 100,Success bird 0
2503, 21, 0, 92, 181, 2, 24, 19, 95, 199, 174, 20, 13, 23, 6, 142, 29, 8, 246, 253, 101, 2, 17, 154, 45, 142,Success truck 0
2024, 2, 7, 254, 177, 222, 21, 13, 31, 58, 214, 31, 18, 255, 125, 147, 16, 16, 70, 176, 211, 8, 28, 51, 178, 246,Success bird 0
8282, 22, 0, 120, 236, 227, 21, 16, 90, 171, 213, 6, 9, 31, 97, 170, 19, 13, 210, 128, 241, 1, 11, 75, 19, 113,Fail automobile
593, 5, 18, 65, 139, 76, 11, 16, 3, 23, 58, 19, 22, 160, 226, 208, 16, 4, 178, 200, 43, 6, 9, 226, 251, 132,Success deer 0
4911, 6, 26, 200, 46, 171, 9, 16, 84, 237, 199, 12, 27, 3, 0, 56, 9, 7, 249, 220, 19, 3, 31, 56, 7, 193,Success automobile 1
39, 21, 25, 47, 138, 46, 31, 17, 83, 127, 160, 24, 30, 200, 128, 93, 15, 15, 24, 77, 33, 15, 19, 238, 247, 116,Success cat 92
2835,Success Mispredict
4156, 15, 12, 76, 121, 151, 4, 23, 244, 195, 234, 18, 19, 82, 36, 1, 11, 26, 255, 231, 31, 22, 16, 175, 241, 59,Fail cat
4548, 26, 30, 114, 80, 13, 4, 7, 218, 169, 55, 30, 22, 223, 26, 102, 1, 4, 148, 155, 136, 30, 14, 249, 179, 19,Success bird 0
1172,Success Mispredict
2525,Success Mispredict
8412, 9, 22, 199, 227, 96, 7, 6, 113, 198, 231, 6, 13, 175, 235, 203, 6, 17, 201, 140, 216, 13, 14, 10, 36, 40,Success airplane 18
5364, 16, 29, 35, 203, 147, 24, 4, 132, 19, 83, 25, 11, 187, 233, 65, 1, 6, 221, 236, 179, 24, 22, 1, 211, 98,Success dog 0
4644, 18, 5, 155, 248, 212, 24, 3, 230, 1, 110, 12, 14, 51, 182, 195, 30, 25, 232, 135, 151, 19, 12, 118, 188, 1,Success airplane 0
2498, 10, 6, 191, 17, 40, 17, 16, 66, 14, 19, 11, 14, 30, 188, 47, 15, 16, 114, 20, 0, 8, 6, 133, 38, 238,Success dog 37
3110, 10, 25, 15, 209, 194, 5, 6, 89, 144, 157, 15, 15, 106, 11, 211, 18, 31, 80, 118, 114, 8, 15, 14, 124, 254,Success dog 0
779, 19, 8, 0, 226, 70, 18, 19, 162, 217, 225, 27, 6, 131, 49, 79, 21, 31, 197, 250, 142, 8, 17, 23, 228, 89,Success frog 0
305, 28, 17, 211, 163, 199, 22, 15, 16, 174, 210, 10, 19, 149, 40, 158, 27, 9, 57, 35, 254, 23, 21, 214, 243, 129,Success airplane 0
2273, 14, 30, 68, 38, 247, 29, 16, 80, 190, 213, 9, 20, 176, 224, 21, 12, 16, 162, 254, 112, 31, 28, 126, 210, 150,Success cat 0
2537, 14, 9, 215, 255, 187, 14, 11, 36, 174, 75, 13, 15, 44, 58, 146, 11, 14, 70, 12, 183, 16, 22, 97, 78, 95,Success ship 51
7046, 17, 18, 116, 202, 83, 10, 20, 43, 168, 185, 24, 27, 183, 223, 247, 9, 18, 25, 97, 110, 13, 17, 188, 60, 15,Success airplane 0
7310, 4, 4, 214, 100, 147, 27, 15, 211, 105, 77, 11, 31, 165, 48, 40, 12, 15, 17, 12, 169, 8, 10, 232, 245, 103,Success dog 0
9829, 8, 12, 9, 14, 189, 3, 19, 46, 60, 136, 31, 4, 241, 228, 33, 16, 8, 233, 109, 107, 4, 23, 142, 15, 30,Success cat 0
92, 2, 11, 14, 7, 148, 12, 14, 64, 120, 13, 16, 10, 96, 140, 54, 1, 5, 177, 41, 51, 10, 7, 148, 178, 62,Success airplane 0
536, 7, 23, 59, 71, 123, 22, 2, 4, 6, 123, 10, 25, 210, 10, 169, 9, 24, 179, 50, 90, 31, 4, 132, 110, 37,Fail frog
396, 15, 16, 234, 57, 110, 24, 20, 88, 214, 213, 4, 27, 232, 115, 38, 21, 11, 135, 227, 144, 27, 20, 23, 94, 165,Success dog 0
5382, 3, 17, 57, 148, 52, 9, 18, 57, 68, 104, 24, 15, 175, 237, 179, 2, 22, 6, 57, 2, 16, 19, 2, 179, 66,Fail airplane
3986, 27, 23, 221, 37, 95, 13, 22, 185, 13, 45, 29, 0, 87, 194, 9, 19, 15, 135, 214, 80, 19, 5, 157, 227, 216,Success airplane 0
4308, 6, 19, 44, 171, 154, 7, 7, 94, 129, 67, 9, 13, 101, 35, 95, 9, 3, 72, 88, 161, 14, 16, 55, 74, 174,Success bird 1
2822, 8, 26, 226, 32, 248, 13, 24, 64, 5, 97, 26, 13, 4, 151, 228, 17, 8, 240, 116, 198, 14, 20, 135, 181, 162,Success dog 0
9247, 18, 9, 120, 89, 41, 12, 28, 105, 49, 105, 18, 11, 142, 86, 58, 11, 26, 60, 209, 44, 10, 8, 234, 184, 255,Success cat 88
4742, 24, 8, 244, 143, 147, 5, 17, 5, 19, 13, 26, 13, 6, 241, 101, 3, 17, 221, 183, 88, 10, 3, 54, 11, 58,Success airplane 14
9244, 19, 24, 57, 237, 178, 3, 27, 122, 244, 73, 18, 16, 251, 224, 109, 5, 11, 234, 223, 52, 4, 9, 242, 35, 232,Fail horse
2533,Success Mispredict
2073, 19, 15, 138, 240, 61, 14, 21, 253, 61, 162, 15, 28, 153, 246, 110, 14, 8, 203, 178, 36, 24, 9, 33, 12, 107,Success airplane 35
1791,Success Mispredict
7770, 12, 28, 197, 198, 167, 9, 20, 244, 9, 40, 11, 15, 178, 42, 65, 0, 13, 24, 41, 91, 15, 1, 226, 252, 43,Success automobile 1
1909, 0, 22, 23, 214, 199, 24, 5, 191, 201, 255, 6, 27, 97, 52, 152, 12, 30, 173, 156, 189, 6, 18, 35, 9, 112,Success deer 0
5871,Success Mispredict
9299, 29, 31, 139, 23, 161, 29, 10, 241, 19, 118, 16, 13, 89, 194, 236, 25, 9, 56, 111, 65, 6, 27, 13, 212, 73,Fail truck
9274, 9, 16, 187, 166, 88, 10, 0, 27, 207, 161, 30, 10, 198, 59, 57, 5, 27, 206, 43, 146, 20, 12, 208, 189, 209,Success airplane 0
6523, 0, 17, 29, 223, 15, 24, 12, 130, 111, 164, 6, 26, 205, 253, 3, 14, 15, 1, 9, 162, 21, 19, 150, 219, 176,Success deer 0
2493, 0, 10, 207, 1, 97, 15, 21, 58, 203, 124, 16, 16, 160, 236, 222, 3, 3, 214, 232, 90, 8, 25, 200, 26, 73,Success automobile 0
5681, 1, 20, 137, 154, 133, 4, 20, 80, 145, 5, 6, 12, 32, 11, 26, 26, 16, 140, 170, 144, 3, 30, 1, 0, 250,Success dog 0
4393, 15, 29, 208, 253, 232, 19, 21, 43, 52, 244, 5, 20, 72, 186, 54, 18, 29, 244, 79, 191, 1, 31, 190, 232, 46,Success automobile 0
8818, 14, 31, 223, 25, 240, 26, 22, 134, 72, 115, 9, 2, 45, 14, 15, 5, 25, 244, 113, 188, 0, 29, 230, 188, 121,Success dog 0
3890,Success Mispredict
9354, 3, 6, 190, 144, 101, 19, 1, 226, 169, 146, 24, 16, 248, 61, 134, 15, 17, 9, 175, 110, 24, 12, 203, 82, 169,Success bird 0
3028, 20, 18, 205, 128, 240, 27, 5, 228, 90, 77, 18, 22, 142, 241, 154, 19, 9, 185, 209, 89, 20, 27, 36, 182, 149,Success truck 70
3755,Success Mispredict
8532, 17, 16, 159, 248, 175, 18, 10, 189, 178, 143, 25, 24, 31, 129, 209, 14, 14, 34, 214, 230, 5, 18, 50, 21, 222,Success dog 0
