<<<<<<< HEAD
2, 25, 19, 23, 176, 254, 18, 7, 18, 122, 250, 17, 15, 140, 29, 141, 23, 26, 53, 227, 212, 3, 12, 36, 55, 45, 0
=======
2, 12, 13, 151, 197, 22, 30, 30, 126, 192, 214, 16, 23, 182, 28, 144, 17, 1, 147, 32, 67, 1, 25, 106, 188, 128, Fail airplane airplane
2, 8, 14, 34, 129, 229, 14, 4, 153, 244, 43, 28, 9, 163, 43, 84, 22, 4, 170, 244, 222, 12, 14, 233, 171, 78, Success automobile automobile 0
2, 12, 30, 158, 220, 248, 16, 12, 0, 202, 24, 22, 29, 70, 223, 131, 12, 14, 180, 174, 167, 2, 18, 43, 117, 9, Fail bird bird
2, 7, 13, 206, 75, 206, 14, 23, 164, 234, 239, 20, 21, 23, 15, 80, 2, 24, 64, 123, 101, 19, 27, 62, 139, 246, Fail cat cat
2, 11, 21, 159, 198, 84, 11, 28, 72, 180, 209, 30, 13, 175, 26, 89, 25, 13, 103, 113, 77, 4, 19, 124, 204, 161, Fail deer deer
2, 2, 6, 72, 39, 243, 20, 22, 65, 42, 16, 17, 13, 112, 187, 206, 23, 8, 78, 72, 31, 13, 28, 18, 48, 16, Fail dog dog
2, 8, 2, 43, 223, 64, 8, 28, 87, 225, 95, 11, 20, 83, 119, 138, 4, 19, 108, 215, 255, 23, 26, 40, 55, 167, Fail frog frog
2, 21, 29, 107, 124, 251, 20, 20, 178, 118, 36, 28, 0, 166, 239, 15, 1, 18, 162, 123, 208, 5, 23, 71, 107, 191, Fail horse horse
2, 14, 14, 198, 176, 174, 30, 25, 63, 185, 113, 3, 6, 101, 133, 188, 5, 9, 3, 53, 201, 15, 9, 2, 208, 181, Fail truck truck
>>>>>>> d62c0beb98cc0e9e5285d5a830da505dca6de1cc
